8.69565217391304	11.0825949383602
8.68809730668984	10.4854243049998
8.68055555555555	10.3426844900631
8.67302688638335	10.1333124492797
8.66551126516464	10.1023215291521
8.65800865800866	10.0739398814515
8.65051903114187	9.77372046286028
8.64304235090752	10.2373774430897
8.63557858376511	11.1243941636351
8.62812769628991	10.6378009111287
8.62068965517241	10.4386593175285
8.61326442721792	10.1317097308959
8.60585197934596	10.1639333828407
8.59845227858985	10.219312562599
8.59106529209622	10.1565902925321
8.58369098712446	10.1245634056084
8.57632933104631	10.2026251547872
8.56898029134533	10.2294414552486
8.56164383561644	10.2891609098323
8.55431993156544	10.4710976989407
8.54700854700855	10.5929898047232
8.5397096498719	9.77143076363245
8.53242320819113	9.93256879317185
8.52514919011083	10.5879811890497
8.51788756388416	10.6252909787622
8.51063829787234	10.6464862763638
8.50340136054422	10.1748046249237
8.49617672047579	9.98336617263928
8.48896434634974	9.60833085904756
8.48176420695505	9.82380470091913
8.47457627118644	9.97859964623227
8.46740050804403	9.96161492687381
8.46023688663283	9.89980064804829
8.4530853761623	9.71611609287842
8.44594594594595	9.71521515532198
8.43881856540084	9.71447081504597
8.43170320404722	9.72358072028728
8.424599831508		9.81330858585773
8.41750841750842	10.2517633019988
8.41042893187553	10.2566933162884
8.40336134453782	10.2610543482038
8.39630562552477	10.0109978725274
8.38926174496644	9.88708520922646
8.38222967309304	9.55964626124053
8.37520938023451	9.63608337202858
8.36820083682008	9.71166276258529
8.36120401337793	10.2612677128678
8.35421888053467	10.4001355631503
8.34724540901503	10.2308131131877
8.34028356964137	10.1968364426899
8.33333333333333	10.1438626822384
8.32639467110741	11.1937407789081
8.31946755407654	11.6134035799398
8.31255195344971	11.8615136419098
8.30564784053156	11.5777233301964
8.29875518672199	11.2170332614317
8.29187396351576	9.39679671008789
8.28500414250207	8.96982279040932
8.27814569536424	8.82170449398435
8.27129859387924	8.00936362443032
8.26446280991735	6.77020079138766
8.25763831544178	5.85151308987093
8.25082508250825	5.42600102695923
8.24402308326463	4.6870925968125
8.23723228995058	4.97414642391527
8.23045267489712	5.3825191887414
8.22368421052632	7.00135346360891
8.21692686935086	7.63774623059764
8.21018062397373	9.79634764855241
8.20344544708778	10.4913537505215
8.19672131147541	11.7345303598356
8.19000819000819	12.0025809727671
8.18330605564648	12.1132866635764
8.17661488143908	11.3815537121286
8.16993464052288	11.081622455138
8.16326530612245	10.5267795388667
8.15660685154976	10.4402099255623
8.14995925020375	10.3978814979512
8.14332247557003	10.0833932101676
8.1366965012205	9.89517370621227
8.13008130081301	9.51246153509945
8.12347684809098	9.29130545446599
8.11688311688312	9.16032536890113
8.110300081103		9.35092832657517
8.10372771474878	9.22380762818474
8.09716599190283	8.85883351693204
8.09061488673139	8.91941098074295
8.08407437348424	8.95852587881626
8.07754442649435	8.87980447899683
8.07102502017756	8.95049209947826
8.06451612903226	9.17424025732711
8.058017727639		8.93860356816377
8.05152979066023	8.74473431232514
8.0450522928399	8.63711483680648
8.03858520900322	8.71254172320462
8.03212851405623	9.09855129126783
8.02568218298555	9.04194420198077
8.01924619085806	8.98838066789988
8.01282051282051	8.83088696639197
8.00640512409928	8.88882118689051
8			9.2755961279022
7.99360511590727	9.07762213507304
7.98722044728434	8.88059367604452
7.98084596967279	8.90720916071124
7.97448165869219	8.94347053202039
7.96812749003984	9.13293705690769
7.96178343949045	9.09780165472372
7.95544948289578	9.0523222197149
7.94912559618442	9.42795982243085
7.9428117553614	9.51750393511396
7.93650793650794	9.44890634977235
7.93021411578113	9.33441570586013
7.92393026941363	9.20197198561464
7.91765637371338	8.92877585824253
7.91139240506329	8.84316603768052
7.90513833992095	8.76682344502175
7.89889415481833	8.69875315606338
7.89265982636148	8.60438277759505
7.88643533123028	8.57272224472992
7.88022064617809	8.56848078904963
7.8740157480315	8.69011868011598
7.86782061369001	8.76377070366531
7.86163522012579	8.89286054563164
7.85545954438334	8.63365277988235
7.84929356357928	8.52782740752843
7.84313725490196	8.75820795713355
7.83699059561129	8.83288083589309
7.83085356303837	8.95927681541527
7.82472613458529	8.69721973308228
7.81860828772478	8.57086526506898
7.8125			8.5454389913174
7.8064012490242	8.49652141553067
7.8003120124805	8.39182485147362
7.79423226812159	8.65037369266888
7.78816199376947	8.79826454250621
7.78210116731517	8.55208500809333
7.77604976671851	8.57631561307269
7.77000777000777	8.65340295551275
7.7639751552795	8.46965541905724
7.75795190069821	8.35231817534925
7.75193798449612	8.62533311945969
7.74593338497289	8.58844049270097
7.73993808049536	8.42553632721823
7.73395204949729	8.49043338158062
7.72797527047913	8.54223686466802
7.72200772200772	8.63192178615563
7.71604938271605	8.56023904456104
7.71010023130301	8.281332175858
7.70416024653313	8.38304369513676
7.69822940723634	8.47129036961742
7.69230769230769	8.81962840698547
7.68639508070715	8.83987389860002
7.68049155145929	8.74535120183318
7.67459708365311	8.43762393897319
7.66871165644172	8.2147472338737
7.66283524904214	8.3430578010347
7.65696784073507	8.27795736495378
7.65110941086458	7.91839359951454
7.64525993883792	8.10835622661892
7.63941940412529	8.30630550252385
7.63358778625954	8.32712170530108
7.627765064836		8.33021561689322
7.6219512195122	8.32181668095107
7.61614623000762	8.39144375991472
7.6103500761035	8.46990676577636
7.60456273764259	8.18463507238119
7.59878419452888	8.11707060751059
7.59301442672741	8.12299276004033
7.58725341426404	8.11608138761915
7.58150113722517	8.10728802885798
7.57575757575758	8.10997585955446
7.57002271006813	8.11386563777813
7.5642965204236	8.14688060978682
7.55857898715042	8.21929134204057
7.55287009063444	8.3275400867874
7.54716981132075	8.21957173098122
7.54147812971342	8.20135457864661
7.53579502637528	8.54587121206231
7.53012048192771	8.7178619409906
7.52445447705041	9.01379729790429
7.5187969924812	9.40556998309858
7.51314800901578	9.58642932790346
7.50750750750751	9.03709001783634
7.50187546886722	8.56396000168719
7.49625187406297	7.86748924172606
7.49063670411985	7.72693109951964
7.48502994011976	7.67457978115481
7.4794315632012	7.51322217368273
7.47384155455904	7.55702293993581
7.46825989544436	7.65801477232499
7.46268656716418	7.98426002897686
7.45712155108128	8.17877312371195
7.45156482861401	8.09165961646358
7.44601638123604	8.06264309002395
7.44047619047619	8.00283006890925
7.43494423791822	8.01580135434725
7.42942050520059	8.02300446284748
7.42390497401633	7.94633547929054
7.41839762611276	7.87903189965692
7.41289844329133	7.69734737252246
7.40740740740741	7.74314328339952
7.4019245003701	7.77690299571691
7.39644970414201	7.61941393100142
7.3909830007391	7.64334304200477
7.38552437223043	7.76626666262404
7.38007380073801	7.7240600904881
7.37463126843658	7.69155450802583
7.36919675755343	7.70451724444875
7.36377025036819	7.72758548438562
7.35835172921266	7.80751818803424
7.35294117647059	7.83577950058434
7.34753857457752	7.86212340486623
7.34214390602056	7.73181069084778
7.33675715333823	7.73342149456928
7.33137829912023	7.83806678513664
7.32600732600733	7.74564064037411
7.32064421669107	7.65253322632152
7.31528895391368	7.87372157975465
7.30994152046784	7.88748747636713
7.30460189919649	7.70605060981784
7.2992700729927	7.56439871759831
7.29394602479942	7.39533908231967
7.28862973760933	7.40520511203903
7.28332119446468	7.42702942219041
7.27802037845706	7.57058114049995
7.27272727272727	7.59791092987367
7.26744186046512	7.6307676825513
7.26216412490922	7.45857780715191
7.25689404934688	7.42178004091012
7.25163161711385	7.60638009207825
7.2463768115942	7.5330393076106
7.24112961622013	7.43116186088352
7.23589001447178	7.53404172524209
7.23065798987708	7.55889847284978
7.22543352601156	7.35481729585455
7.22021660649819	7.2806978934973
7.21500721500721	7.15591905270412
7.20980533525595	7.22972395332489
7.20461095100865	7.27324384353944
7.19942404607631	7.59734334011795
7.19424460431655	7.61809191914272
7.18907260963336	7.65982659477201
7.18390804597701	6.87025250569599
7.17875089734386	6.57982797494817
7.17360114777618	6.59309173873379
7.16845878136201	6.7731351263156
7.16332378223496	7.16627735833091
7.15819613457409	7.5940437129337
7.15307582260372	7.85645395169426
7.14796283059328	7.71975963561611
7.14285714285714	7.43489725895562
7.13775874375446	6.87775184228449
7.13266761768902	6.60607583475516
7.12758374910905	6.48360663873057
7.12250712250712	6.95839897164273
7.11743772241993	7.00392716468845
7.11237553342816	7.05786793215887
7.10732054015636	7.05775511552067
7.10227272727273	7.05767821016428
7.097232079489		6.83467764762683
7.09219858156028	6.8503294494766
7.0871722182849	6.96316647186773
7.08215297450425	7.06510362913289
7.07714083510262	7.15080178370921
7.07213578500707	7.07787534891771
7.06713780918728	7.08672524459785
7.06214689265537	7.15733507392682
7.05716302046577	7.18797127372251
7.05218617771509	7.21478591542129
7.04721634954193	7.3020613510018
7.04225352112676	7.30002552698523
7.03729767769177	7.22810458001352
7.0323488045007	7.13417893477327
7.02740688685875	7.04526293232688
7.02247191011236	7.01722369605713
7.01754385964912	7.0028355927791
7.01262272089762	6.95620742745233
7.00770847932726	6.97748015098781
7.00280112044818	7.00017460475577
6.99790062981106	6.84717047152894
6.99300699300699	6.80768723027153
6.98812019566737	6.79027744298429
6.98324022346369	6.76644151231049
6.97836706210747	6.73487252400968
6.97350069735007	6.71826128616382
6.96864111498258	6.72296123188313
6.96378830083565	6.81339539855946
6.9589422407794	6.86155282017811
6.95410292072323	6.92642599855748
6.94927032661571	6.87234090583391
6.94444444444444	6.8565514368623
6.93962526023595	6.90355998666933
6.93481276005548	6.84190960645269
6.93000693000693	6.74104493375393
6.92520775623269	6.71779793290652
6.92041522491349	6.71252610076433
6.91562932226833	6.82743603370958
6.91085003455425	6.85072705672141
6.9060773480663	6.8927825307975
6.90131124913734	6.77723739635697
6.89655172413793	6.72515551545175
6.89179875947622	6.86725248505825
6.8870523415978	6.85719669409451
6.88231245698555	6.83604390667
6.87757909215956	6.87499819244736
6.87285223367698	6.89477047719418
6.86813186813187	6.67706326935642
6.86341798215511	6.72302571842051
6.85871056241427	6.84214592137126
6.85400959561343	6.75972235994893
6.84931506849315	6.70992819468578
6.84462696783025	6.58155154023188
6.83994528043776	6.59149829256883
6.83526999316473	6.64355791662504
6.83060109289618	6.63555860780433
6.8259385665529	6.62991055731263
6.82128240109141	6.80735623875521
6.81663258350375	6.79694966345564
6.81198910081744	6.71395182490305
6.8073519400953	6.64291260363139
6.80272108843537	6.58987590926283
6.79809653297077	6.66169513818356
6.79347826086957	6.69030836928722
6.78886625933469	6.7631105492552
6.7842605156038	6.81164360123541
6.77966101694915	6.85183142245221
6.77506775067751	6.73589233784549
6.77048070412999	6.72275707287225
6.765899864682		6.74746945752256
6.76132521974307	6.84252336876033
6.75675675675676	6.93918665787057
6.75219446320054	6.91685718028168
6.7476383265857	6.88756981311728
6.74308833445718	6.75778198318616
6.73854447439353	6.77217533497193
6.73400673400673	6.78729504740766
6.72947510094213	6.67598439862186
6.72494956287828	6.6292298643301
6.72043010752688	6.47077838383536
6.71591672263264	6.55857765193765
6.71140939597315	6.67172628168848
6.70690811535882	6.57252580591516
6.70241286863271	6.54420494570583
6.69792364367046	6.57396373452132
6.69344042838019	6.55977661810318
6.68896321070234	6.53900214130058
6.68449197860963	6.61588277088433
6.68002672010688	6.63986037500144
6.67556742323098	6.58017083902528
6.6711140760507	6.63711488524157
6.66666666666667	6.72479268840116
6.66222518321119	6.73943106669346
6.6577896138482	6.73996358654936
6.65335994677312	6.61298466404571
6.64893617021277	6.62922583653466
6.64451827242525	6.65645170899953
6.64010624169987	6.50229348936485
6.635700066357		6.42973763400778
6.63129973474801	6.52191743725626
6.62690523525514	6.57850551151203
6.62251655629139	6.70025135664733
6.61813368630046	6.53971273757415
6.61375661375661	6.45527208554147
6.60938532716457	6.41148124533694
6.60501981505945	6.43726034596568
6.6006600660066	6.49607068784938
6.59630606860158	6.46617501201107
6.59195781147001	6.4491229768303
6.58761528326746	6.23230590217001
6.58327847267939	6.21361410747752
6.57894736842105	6.19305086102182
6.57462195923734	6.12344444351384
6.57030223390276	6.07176291429924
6.56598818122127	6.25851201595362
6.56167979002625	6.36989985513515
6.55737704918033	6.67463034797706
6.55307994757536	6.6760808053916
6.54878847413228	6.6771334979737
6.54450261780105	6.45711484608718
6.5402223675605	6.42165305632175
6.5359477124183	6.39484545239985
6.53167864141084	6.30283731075111
6.52741514360313	6.22311470633809
6.52315720808871	6.39002144925071
6.51890482398957	6.36404519164626
6.51465798045603	6.12600035164103
6.51041666666667	6.33786153074636
6.50618087182824	6.55844512927083
6.50195058517555	6.33174095043923
6.49772579597141	6.24973669770544
6.49350649350649	6.05238354414761
6.48929266709929	6.09078872673677
6.48508430609598	6.1439410085589
6.48088139987038	6.52382913585897
6.47668393782383	6.58291066804348
6.47249190938511	6.27520475355091
6.46830530401035	5.95270329090239
6.46412411118293	5.67942116475945
6.45994832041344	5.30062545705469
6.45577792123951	5.22092468038683
6.45161290322581	5.26682473978233
6.44745325596389	5.42141565197789
6.44329896907217	5.63832452078551
6.43915003219575	5.72382509529303
6.43500643500644	5.78136651660596
6.43086816720257	6.15475896865454
6.426735218509		6.25181278382398
6.42260757867694	6.40671439305484
6.41848523748395	6.37382515835473
6.4143681847338	6.35267647945676
6.41025641025641	6.15886948736971
6.40614990390775	6.14644589615317
6.40204865556978	6.12445313336931
6.39795265515035	6.06330854076847
6.39386189258312	6.03592234758546
6.38977635782748	6.0653449393508
6.38569604086845	6.14324955793405
6.38162093171666	6.29705283530847
6.37755102040816	6.2083902642347
6.37348629700446	6.16234997798145
6.36942675159236	6.06422048576135
6.3653723742839	6.07690363286464
6.36132315521629	6.10969659170339
6.35727908455181	6.07044616079165
6.35324015247776	6.04690688869332
6.34920634920635	6.13085872479045
6.34517766497462	6.16402545461892
6.34115409004439	6.23999449043771
6.33713561470215	6.14501442173598
6.33312222925902	6.08023571267014
6.32911392405063	6.06586626246721
6.32511068943707	6.04355824402166
6.32111251580278	5.98395404328046
6.31711939355654	6.00976650790645
6.31313131313131	6.02807654773353
6.30914826498423	6.2088258433809
6.30517023959647	6.24992290840777
6.30119722747322	6.32255200555237
6.29722921914358	6.09238411267855
6.29326620516048	5.88827961508445
6.28930817610063	5.86326644759822
6.28535512256442	5.85279203514922
6.28140703517588	5.82518630915058
6.27746390458255	5.78898015298517
6.27352572145546	5.75421441227019
6.26959247648903	5.94763554870142
6.265664160401		5.98881317280578
6.26174076393237	6.00452419254767
6.25782227784731	5.95120285282854
6.25390869293308	5.89163082416716
6.25			6.02225819611178
6.24609618988132	6.06594464282065
6.24219725343321	6.13855016454476
6.23830318153462	6.19825015510306
6.23441396508728	6.27030363970992
6.23052959501558	6.22184004270814
6.2266500622665	6.2324375580091
6.22277535780958	6.46368302664555
6.21890547263682	6.35150457492443
6.21504039776259	6.20720283848259
6.2111801242236	6.18387710090386
6.20732464307883	6.17149065966717
6.20347394540943	6.11284717223947
6.19962802231866	6.09583544270326
6.19578686493185	6.07080618469833
6.19195046439629	5.99340887273618
6.18811881188119	5.9641233266022
6.18429189857761	6.03214943516042
6.18046971569839	6.03998162578431
6.17665225447807	6.0538534776088
6.17283950617284	6.18703041277157
6.16903146206046	6.2456961255125
6.1652281134402	6.09969351253874
6.16142945163278	6.08510623472459
6.1576354679803	6.05703698628826
6.15384615384615	6.05243704753201
6.15006150061501	6.04998246054838
6.14628149969269	5.9112776168179
6.14250614250614	5.97818081469329
6.13873542050338	6.12744785812377
6.13496932515337	6.04731843038903
6.13120784794605	6.00116482387617
6.12745098039216	6.0457289361589
6.12369871402327	5.98685308514863
6.11995104039168	5.83828128527737
6.11620795107034	5.87476336929645
6.11246943765281	5.89879143935095
6.10873549175321	5.90056855381773
6.1050061050061	5.85761531389013
6.1012812690665	5.72605652277646
6.09756097560976	5.83839785684516
6.09384521633151	5.92179807307075
6.09013398294762	5.85484345961896
6.08642726719416	5.89867601328095
6.08272506082725	6.07574158873003
6.0790273556231	6.03826896214586
6.07533414337789	6.00653806787173
6.07164541590771	5.93752492235937
6.06796116504854	5.92300343591853
6.06428138265616	5.90784462083622
6.06060606060606	5.99315301700075
6.05693519079346	6.07761238396964
6.05326876513317	6.13715578369479
6.04960677555959	6.14296442335409
6.0459492140266	6.11292565034803
6.04229607250755	6.09883518086677
6.03864734299517	6.0837393227211
6.03500301750151	6.02924086816088
6.0313630880579	5.99922756466727
6.02772754671489	5.88647164266285
6.02409638554217	5.91990064001467
6.02046959662854	5.95936503048147
6.01684717208183	5.93141391111373
6.01322910402886	5.93808879879863
6.00961538461538	6.06029562807879
6.00600600600601	6.05070083158689
6.00240096038415	6.03763297029977
5.99880023995201	6.11095630821547
5.99520383693046	6.12794201727061
5.99161174355902	6.01579520017277
5.98802395209581	6.02901554529225
5.98444045481747	6.04856662232525
5.98086124401914	6.1075485122548
5.97728631201435	6.12703576872755
5.97371565113501	6.07326814940116
5.97014925373134	6.04096309571925
5.96658711217184	5.98798261242919
5.96302921884317	6.0496208069532
5.95947556615018	6.07418499350182
5.95592614651578	5.91092911213447
5.95238095238095	5.9117813504016
5.94883997620464	5.91348117983301
5.94530321046373	5.89941428115185
5.941770647653		5.89199670187411
5.93824228028504	5.95310863794255
5.93471810089021	5.95660077457053
5.93119810201661	5.96252163224881
5.92768227622999	6.00469983936152
5.92417061611374	6.02918315779488
5.9206631142688	6.05728496219912
5.91715976331361	6.06230957016437
5.91366055588409	6.072232880135
5.91016548463357	6.04660467833143
5.90667454223272	6.02948379865952
5.90318772136954	5.93974262779809
5.89970501474926	5.91185237892493
5.89622641509434	5.85338873241751
5.89275191514437	5.82483899981512
5.88928150765607	5.80346273944533
5.88581518540318	5.83161138030863
5.88235294117647	5.85138113368689
5.87889476778366	5.91130719014282
5.87544065804935	5.91423912829194
5.87199060481503	5.91667510132627
5.86854460093897	5.88719736540254
5.86510263929619	5.89690380562787
5.86166471277843	5.9601355199361
5.85823081429408	6.03809562898576
5.85480093676815	6.11183843342209
5.85137507314219	6.09482347115102
5.84795321637427	6.1141474915022
5.84453535943892	6.22947381160369
5.8411214953271	6.19090598825047
5.83771161704612	6.14834656192551
5.8343057176196	6.17170833233924
5.83090379008746	6.17744631649338
5.82750582750583	6.17604928693494
5.824111822947		6.1678787031048
5.82072176949942	6.15804863667651
5.8173356602676	6.13049300517095
5.81395348837209	6.13021702792008
5.81057524694945	6.18930264214335
5.80720092915215	6.15065649798336
5.80383052814858	6.10469578308985
5.80046403712297	6.05556504431035
5.79710144927536	6.02514956586799
5.79374275782155	5.83812052676377
5.79038795599305	5.85343236747374
5.78703703703704	5.87635125871858
5.78368999421631	5.96439753299462
5.78034682080925	6.00416678727393
5.77700751010976	6.11518660651119
5.77367205542725	6.09857468076078
5.77034045008656	6.07145122368141
5.76701268742791	5.97503663776971
5.76368876080692	5.93218516438389
5.76036866359447	5.92819402945082
5.75705238917674	5.94770150357742
5.75373993095512	5.98741516944841
5.75043128234618	6.08258204458848
5.74712643678161	6.13173973575718
5.74382538770821	6.21233174030989
5.74052812858783	6.21507963167825
5.7372346528973	6.2190574196699
5.73394495412844	6.1827942713275
5.73065902578797	6.16147111507562
5.72737686139748	6.11081192194705
5.72409845449342	6.08042400052156
5.720823798627		6.01164354718962
5.71755288736421	6.02329704074669
5.71428571428571	6.03046191294924
5.71102227298687	6.08952789216666
5.70776255707763	6.03659687266911
5.70450656018254	5.87614154878905
5.70125427594071	5.92401680539008
5.6980056980057	5.9583985246106
5.69476082004556	5.90967273055346
5.69151963574274	5.89856139779929
5.68828213879408	5.87818577528167
5.68504832291074	5.91907684972398
5.68181818181818	5.95342418040306
5.6785917092561	5.90097003144713
5.67536889897843	5.91434837801309
5.67214974475326	6.00118579007727
5.66893424036281	5.99421040511364
5.6657223796034	5.98756761349945
5.66251415628539	5.97467976750633
5.65930956423316	6.00965253868414
5.65610859728507	6.22017388138869
5.65291124929339	6.24047963166208
5.64971751412429	6.26252895782741
5.64652738565782	6.24457114230681
5.64334085778781	6.22519693035374
5.64015792442188	6.13053314959887
5.6369785794814	6.14320967035859
5.63380281690141	6.15738547096579
5.63063063063063	6.17767626833682
5.6274620146314	6.15396612515223
5.62429696287964	5.92232512830173
5.62113546936481	5.93837937010708
5.61797752808989	5.95900173628535
5.61482313307131	5.96218395154984
5.61167227833895	5.95808600878081
5.60852495793606	5.89618391587226
5.60538116591928	5.88740678568606
5.60224089635854	5.8738632125913
5.59910414333707	5.9577654004719
5.59597090095132	5.99574905958291
5.59284116331096	6.0878183461126
5.58971492453885	6.04874601720027
5.58659217877095	5.98324158822226
5.58347292015634	5.85725498136211
5.58035714285714	5.80700298361666
5.57724484104852	5.9109016292825
5.57413600891862	5.87472285387591
5.57103064066852	5.80864822770417
5.56792873051225	5.78087754209214
5.56483027267668	5.7672163124338
5.56173526140156	5.74416335718741
5.55864369093941	5.75417507005545
5.55555555555556	5.77680899916349
5.55247084952804	5.78819352530721
5.54938956714761	5.79493591389116
5.54631170271769	5.87091730239569
5.54323725055432	5.88508347468887
5.54016620498615	5.91336982922153
5.53709856035437	5.88222384857056
5.53403431101273	5.86193440050265
5.53097345132743	5.9456141647623
5.52791597567717	5.97130763139201
5.52486187845304	6.02809463228338
5.52181115405853	6.03702933613423
5.51876379690949	6.04353443258091
5.51571980143409	6.03659673953678
5.51267916207277	6.03653182800299
5.50964187327824	6.03881404731196
5.50660792951542	6.00723351095045
5.50357732526142	5.98065754513868
5.5005500550055	6.01272667888212
5.49752611324904	6.02824216527865
5.49450549450549	6.07163103930518
5.49148819330038	6.04088422235278
5.48847420417124	6.01215719895445
5.48546352166758	5.95750741019893
5.48245614035088	5.95029551466959
5.47945205479452	5.96347546799549
5.47645125958379	6.00831109033472
5.47345374931582	6.05371793170969
5.47045951859956	6.02562430757864
5.46746856205577	6.01265290518737
5.46448087431694	5.97168759609367
5.46149645002731	5.95799372691617
5.4585152838428	5.94196884592211
5.45553737043099	5.95663790172488
5.4525627044711	5.96586967753317
5.44959128065395	6.01021721164361
5.44662309368192	6.00920317383178
5.44365813826892	6.00782099805584
5.44069640914037	6.03096772883632
5.43773790103317	6.04209240624746
5.43478260869565	6.07977136368915
5.43183052688756	6.10240719712234
5.42888165038002	6.13928819689357
5.42593597395551	6.25072755126706
5.42299349240781	6.30456202621346
5.42005420054201	6.50499833389192
5.41711809317443	6.64113405861159
5.41418516513265	6.88634265478625
5.41125541125541	7.10171622906376
5.40832882639264	7.19274056347571
5.40540540540541	7.58745299738804
5.40248514316586	7.35586729879013
5.39956803455724	6.75550674252369
5.39665407447383	6.42266416306212
5.39374325782093	6.31155415122652
5.39083557951483	6.53455219724138
5.38793103448276	6.59919900576903
5.3850296176629	6.65439965839483
5.38213132400431	6.49833110820047
5.37923614846692	6.49150387493251
5.37634408602151	6.31188812594734
5.37345513164965	6.30573372647311
5.37056928034372	6.16853316376057
5.36768652710682	6.09677803696283
5.36480686695279	6.05188309059199
5.36193029490617	5.9720502818849
5.35905680600214	5.75383299316995
5.35618639528656	5.78781095854103
5.35331905781585	5.69100774535173
5.35045478865704	5.64873360431603
5.3475935828877	5.55751176243109
5.34473543559594	5.87162994859121
5.34188034188034	5.7323438912866
5.33902829684997	5.77039200806979
5.33617929562433	5.8098939956537
5.33333333333333	6.02091667386919
5.33049040511727	6.04570367074541
5.3276505061268	6.24110345847098
5.3248136315229	6.39874558798026
5.32197977647685	6.20210161867758
5.31914893617021	6.50004859572914
5.31632110579479	6.38805797015277
5.3134962805526	6.21597900760602
5.31067445565587	6.28510241745371
5.30785562632696	6.42193888387577
5.30503978779841	6.5109596333112
5.30222693531283	6.557085487388
5.29941706412295	7.06887871805464
5.29661016949153	7.16130467227687
5.29380624669137	6.97954825664508
5.29100529100529	6.45142308620466
5.28820729772607	6.4464655086993
5.28541226215645	6.34455127992141
5.28262017960909	6.17842681413961
5.27983104540655	5.93477455153934
5.27704485488127	5.6596330310777
5.27426160337553	5.55426059009125
5.27148128624143	5.45490731996502
5.26870389884089	5.62586182630562
5.26592943654555	5.68329735673094
5.26315789473684	6.11489375422443
5.26038926880589	6.29702233329015
5.25762355415352	6.36411923945666
5.25486074619023	6.32216462869583
5.25210084033613	6.31413850552111
5.249343832021		6.31651127731617
5.24658971668415	6.33794151210732
5.24383848977452	6.45838701943513
5.24109014675052	6.41791834956376
5.23834468308015	6.49133272746066
5.23560209424084	6.51264699836034
5.23286237571952	6.34586880656942
5.23012552301255	6.31885449553184
5.22739153162572	6.20553840607968
5.22466039707419	5.97170010714158
5.22193211488251	6.02464233392146
5.21920668058455	5.91322126630826
5.21648408972353	6.01630416292869
5.21376433785193	6.06721075722734
5.21104742053153	6.39704182443628
5.20833333333333	6.46136560091076
5.20562207183759	6.56665406935003
5.20291363163371	6.89594621737511
5.20020800832033	6.9053935755741
5.1975051975052	6.6950217779388
5.1948051948052	6.48006492722448
5.19210799584631	6.40503358512014
5.18941359626362	6.57552156455984
5.18672199170125	6.51293239803208
5.18403317781234	6.45805362340835
5.18134715025907	6.49290121660334
5.17866390471258	6.36503518329677
5.175983436853		6.26674308805398
5.17330574236937	6.29928978517976
5.17063081695967	6.29881632083858
5.16795865633075	6.43686319672958
5.16528925619835	6.50892730425342
5.16262261228704	6.63394391767324
5.15995872033024	6.51235709795596
5.15729757607014	6.53995298113908
5.15463917525773	6.28320185385261
5.15198351365276	6.1079220674097
5.14933058702369	6.05579315880955
5.14668039114771	6.1480966528886
5.1440329218107	6.17493200716189
5.1413881748072	6.25689953657006
5.13874614594039	6.37306577384125
5.13610683102209	6.53171169794404
5.13347022587269	6.80300128828227
5.13083632632119	7.14660881881797
5.12820512820513	7.24560530353825
5.12557662737058	6.89526853686568
5.12295081967213	7.00052192027032
5.12032770097286	6.98279463506107
5.11770726714432	6.8479143145378
5.1150895140665	6.85929966153989
5.11247443762781	6.74118852348248
5.10986203372509	6.62843132798653
5.10725229826353	6.61443460920204
5.10464522715671	6.69439336354296
5.10204081632653	6.65758714687421
5.09943906170321	6.64022785031828
5.09683995922528	6.62105481178999
5.09424350483953	6.55512879756875
5.09164969450102	6.39151094183573
5.08905852417303	6.36113558502657
5.08646998982706	6.13877264818048
5.08388408744281	6.37113025448548
5.08130081300813	6.31004922325803
5.07872016251905	6.21037933716774
5.07614213197969	6.21651972228617
5.07356671740233	6.21198316775113
5.0709939148073	6.18476315303118
5.06842372022301	6.16330858033456
5.06585612968592	6.30144582329924
5.06329113924051	6.12731529780973
5.06072874493927	6.20640613495523
5.05816894284269	6.40300480804087
5.05561172901921	6.91966948378156
5.05305709954523	7.22845747495447
5.05050505050505	7.0414460468792
5.04795557799091	6.93408096583861
5.04540867810293	6.93408096583861
5.04286434694907	7.24622256054296
5.04032258064516	7.27197855992471
5.03778337531486	7.16097555373082
5.03524672708963	6.86845476549718
5.03271263210871	6.86845476549718
5.03018108651912	6.97016771113018
5.02765208647562	7.04440815952264
5.0251256281407	7.04440815952264
5.02260170768458	7.24476840718239
5.02008032128514	7.26260577667121
5.01756146512795	7.34625184418443
5.01504513540622	7.55698037091653
5.0125313283208	7.55698037091653
5.01002004008016	7.87888672025485
5.00751126690035	8.12063761374513
5.00500500500501	8.12063761374513
5.00250125062531	7.53155209083063
5			7.4918091307239
4.99750124937531	7.51887215862687
4.995004995005		7.61976490226823
4.99251123315027	7.61976490226823
4.99001996007984	7.39252120308653
4.98753117206983	7.26137211810717
4.98504486540379	7.26137211810717
4.9825610363727	7.45011289767152
4.9800796812749	7.46731061355311
4.97760079641613	7.47243591109289
4.97512437810945	7.48947026655194
4.97265042267529	7.48947026655194
4.97017892644135	7.28982344222395
4.96770988574267	7.14661957589566
4.96524329692155	7.14661957589566
4.96277915632754	6.98866929138683
4.96031746031746	6.97327568052639
4.95785820525533	7.00373595877859
4.95540138751239	7.0915783195492
4.95294700346706	7.0915783195492
4.95049504950495	7.05729833359123
4.9480455220188	7.0305514548011
4.94559841740851	7.0305514548011
4.94315373208107	7.41054319327806
4.94071146245059	7.45533980261582
4.93827160493827	7.50954936085058
4.93583415597236	7.71435559467933
4.93339911198816	7.71435559467933
4.93096646942801	7.69183146964615
4.92853622474125	7.67312192390063
4.92610837438424	7.67312192390063
4.92368291482029	6.99649095870968
4.92125984251969	6.92191088887997
4.91883915395967	6.98135063564948
4.91642084562439	7.21176351493445
4.91400491400491	7.21176351493445
4.91159135559921	7.53307167123361
4.90918016691213	7.86909896456458
4.90677134445535	7.86909896456458
4.90436488474743	7.50517388799563
4.90196078431373	7.45729704687153
4.89955903968643	7.46112081331828
4.89715964740451	7.47490293855708
4.89476260401371	7.47490293855708
4.89236790606654	7.45479897739348
4.88997555012225	7.43874267242325
4.88758553274682	7.43874267242325
4.88519785051295	7.55518334349327
4.8828125		7.5718261043712
4.88042947779405	7.78294686718196
4.87804878048781	8.77166241149162
4.87567040468064	8.77166241149162
4.87329434697856	8.30250514294861
4.87092060399416	7.96904031404078
4.86854917234664	7.96904031404078
4.8661800486618	7.79980827097461
4.86381322957199	7.77249223993971
4.86144871171609	7.75701953709564
4.85908649173955	7.68959941432516
4.85672656629432	7.68959941432516
4.85436893203883	7.76864109704831
4.85201358563804	7.84667725078324
4.84966052376334	7.84667725078324
4.84730974309258	7.78528569750616
4.84496124031008	7.77588838019029
4.84261501210654	7.82691390944268
4.84027105517909	8.04120104069526
4.83792936623125	8.04120104069526
4.83558994197292	7.90831783420853
4.83325277912035	7.78778296352808
4.83091787439614	7.78778296352808
4.82858522452921	7.22013830302602
4.82625482625483	7.13421503488013
4.82392667631452	7.16867463981704
4.82160077145612	7.32088385914271
4.81927710843373	7.32088385914271
4.81695568400771	7.33941592478883
4.81463649494463	7.35742474737198
4.81231953801732	7.35742474737198
4.81000481000481	7.3790139217163
4.80769230769231	7.38347036311553
4.80538202787122	7.41432943018181
4.8030739673391	7.56075164797122
4.80076812289966	7.56075164797122
4.79846449136276	7.6145046141533
4.79616306954437	7.66786709804908
4.79386385426654	7.66786709804908
4.79156684235745	7.52669708285289
4.78927203065134	7.4974607683924
4.78697941598851	7.48698933574708
4.78468899521531	7.4319620929441
4.78240076518412	7.4319620929441
4.78011472275335	7.89122104020315
4.77783086478739	8.46616790625495
4.77554918815664	8.46616790625495
4.77326968973747	8.26680533524785
4.77099236641221	8.22762942556723
4.76871721506915	8.16775064787631
4.76644423260248	7.83718454962652
4.76417341591234	7.83718454962652
4.76190476190476	8.34054382505707
4.75963826749167	8.98742259469932
4.75737392959087	8.98742259469932
4.75511174512601	8.60535466162359
4.75285171102662	8.53161356229586
4.75059382422803	8.41212673524321
4.74833808167142	7.84822863908169
4.74608448030375	7.84822863908169
4.7438330170778	8.12788419236663
4.74158368895211	8.43472614997998
4.739336492891		8.43472614997998
4.73709142586452	8.02862244925759
4.73484848484849	7.94204239850248
4.73260766682442	7.99628932278261
4.73036896877956	8.38765413858399
4.72813238770686	8.38765413858399
4.72589792060492	8.31807660071969
4.72366556447804	8.23848176530318
4.72143531633617	8.23848176530318
4.7192071731949	8.28202055993065
4.71698113207547	8.29261563942893
4.71475719000472	8.20745557189432
4.71253534401508	7.73438825480671
4.71031559114461	7.73438825480671
4.70809792843691	7.80004654324612
4.70588235294118	7.87581347710861
4.70366886171214	7.87581347710861
4.70145745181006	7.94927528941625
4.69924812030075	7.96870184047217
4.69704086425552	7.91271122595879
4.69483568075117	7.54759541178685
4.69263256687001	7.54759541178685
4.69043151969981	7.67859901502465
4.6882325363338	7.84189930942617
4.68603561387067	7.84189930942617
4.68384074941452	8.34228641322609
4.68164794007491	8.48880090323845
4.67945718296678	8.4727808832598
4.67726847521048	8.34893575294174
4.67508181393174	8.34893575294174
4.67289719626168	8.33037385297086
4.67071461933676	8.3057199093574
4.66853408029879	8.3057199093574
4.66635557629491	8.07209908551837
4.66417910447761	8.0111509848454
4.66200466200466	8.05074528632625
4.65983224603914	8.46044962833548
4.65766185374942	8.46044962833548
4.65549348230913	8.44724194299211
4.65332712889716	8.43142541982411
4.65116279069768	8.43142541982411
4.64900046490005	8.4497812445409
4.64684014869888	8.45457155999225
4.64468183929401	8.45775375181436
4.64252553389044	8.48533156991466
4.64037122969838	8.48533156991466
4.63821892393321	8.56404380020195
4.63606861381548	8.66775643993096
4.6339202965709	8.66775643993096
4.63177396943029	8.24353377816106
4.62962962962963	8.13107899822771
4.62748727441		8.18635860399958
4.62534690101758	8.84063368565382
4.62320850670365	8.84063368565382
4.62107208872458	8.75612175110008
4.6189376443418	8.64947962090712
4.61680517082179	8.64947962090712
4.61467466543609	8.88296286201446
4.61254612546126	8.95718472767314
4.61041954817888	8.86174419340578
4.60829493087558	7.93553947659848
4.60617227084293	7.93553947659848
4.60405156537753	8.12963822801524
4.60193281178095	8.41787489676046
4.59981600735971	8.41787489676046
4.59770114942529	8.36849094140058
4.59558823529412	8.35019387100861
4.59347726228755	8.31284151640203
4.59136822773186	7.907887695462
4.58926112895824	7.907887695462
4.58715596330275	7.93307192461884
4.58505272810637	7.96948885392325
4.58295142071494	7.96948885392325
4.58085203847916	7.97908334172045
4.57875457875458	7.98270237885645
4.5766590389016	7.9850390664808
4.57456541628545	8.01629215444311
4.57247370827618	8.01629215444311
4.57038391224863	8.09112755563751
4.56829602558246	8.20183133167163
4.5662100456621	8.20183133167163
4.56412596987677	8.07717452812908
4.56204379562044	8.03443607517599
4.55996352029184	8.07696859120442
4.55788514129444	8.88285033718892
4.55580865603645	8.88285033718892
4.55373406193078	8.73942217022601
4.55166135639508	8.55495026330759
4.54959053685168	8.55495026330759
4.5475216007276	8.0747782419285
4.54545454545455	7.90207124990824
4.54338936846888	7.89777841831478
4.54132606721163	7.81612925874924
4.53926463912846	7.81612925874924
4.53720508166969	7.92812978557296
4.53514739229025	8.114863435652
4.53309156844968	8.114863435652
4.53103760761214	8.08110165554171
4.52898550724638	8.06799438282477
4.52693526482571	8.0715266302197
4.52488687782805	8.14484697463968
4.52284034373587	8.14484697463968
4.52079566003617	8.21493447267183
4.51875282422052	8.32717861265674
4.516711833785		8.32717861265674
4.51467268623025	8.45398947780743
4.51263537906137	8.50466452489776
4.510599909788		8.51591837045636
4.50856627592426	8.82603207576166
4.50653447498873	8.82603207576166
4.50450450450451	8.67713387426841
4.5024763619991	8.42867325270001
4.5004500450045	8.42867325270001
4.49842555105713	8.18993220496766
4.49640287769784	8.09231437028998
4.49438202247191	8.07549689613992
4.49236298292902	7.54918428353491
4.49034575662326	7.54918428353491
4.48833034111311	7.63514919843619
4.48631673396142	7.80195657788789
4.48430493273543	7.80195657788789
4.48229493500672	8.06611278745206
4.48028673835125	8.19128372523886
4.47828034034931	8.1952200681907
4.4762757385855	8.35096074667253
4.47427293064877	8.35096074667253
4.47227191413238	8.28772537968116
4.47027268663388	8.18733737427158
4.46827524575514	8.18733737427158
4.46627958910228	8.05358858772684
4.46428571428571	7.98741943235665
4.46229361892013	7.9857430274855
4.46030330062444	7.86562092929387
4.45831475702185	7.86562092929387
4.45632798573975	7.90225952075836
4.4543429844098	7.97362640720189
4.45235975066785	7.97362640720189
4.45037828215398	7.8114604576537
4.44839857651246	7.7449057057708
4.44642063139173	7.74650111339397
4.44444444444444	8.01295886629428
4.44247001332741	8.01295886629428
4.4404973357016	7.84828527526352
4.43852640923214	7.54113645546533
4.43655723158829	7.54113645546533
4.43458980044346	7.68345578264922
4.43262411347518	7.75541622009516
4.43066016836509	7.75541622009516
4.42869796279894	8.23259437784015
4.42673749446658	8.23332604925827
4.42477876106195	8.17705514655829
4.42282176028306	8.06245061322746
4.42086648983201	8.06245061322746
4.41891294741494	7.76327414133675
4.41696113074205	7.61202231591005
4.41501103752759	7.61202231591005
4.41306266548985	7.52334928886733
4.41111601235112	7.522576221624
4.40917107583774	7.45368154042617
4.40722785368004	7.3117876481637
4.40528634361234	7.3117876481637
4.40334654337296	7.31727996522273
4.40140845070422	7.32026566369127
4.3994720633524	7.32026566369127
4.39753737906772	7.1739248981329
4.3956043956044	7.17140105522644
4.39367311072056	7.13758582783101
4.39174352217831	7.06787535648973
4.38981562774363	7.06787535648973
4.38788942518649	6.90570738352744
4.3859649122807	6.81341972458566
4.38404208680403	6.81341972458566
4.38212094653813	7.24233080812202
4.38020148926851	7.25428364238312
4.37828371278459	7.18250748656515
4.37636761487965	7.03719393051151
4.37445319335083	7.03719393051151
4.37254044599913	7.18416267643858
4.37062937062937	7.26832339465452
4.36871996505024	7.26832339465452
4.36681222707424	7.29716746110391
4.36490615451768	7.29812713577388
4.3630017452007	7.38997934650936
4.36109899694723	7.61718314626983
4.359197907585		7.61718314626983
4.35729847494553	7.24076388682514
4.35540069686411	7.02102303981561
4.3535045711798	7.02102303981561
4.35161009573542	7.21224495451714
4.34971726837756	7.22122418699507
4.34782608695652	7.11971281244958
4.34593654932638	6.90012531116598
4.34404865334492	6.90012531116598
4.34216239687364	6.98201362403957
4.34027777777778	7.02765917123047
4.33839479392625	7.02765917123047
4.33651344319167	7.00789196909071
4.33463372345037	7.00686243776573
4.33275563258232	7.00263609027431
4.3308791684712	6.99161420933002
4.32900432900433	6.99161420933002
4.3271311120727	6.73299243619166
4.32525951557093	6.58933182860099
4.32338953739732	6.58933182860099
4.32152117545376	6.99999162625457
4.31965442764579	7.02848929201568
4.31778929188256	6.97497997366039
4.31592576607682	6.82588215187857
4.31406384814495	6.82588215187857
4.3122035360069	6.51673193768177
4.31034482758621	6.34183301809923
4.30848772081		6.34183301809923
4.30663221360896	6.87811296802685
4.30477830391735	6.92126239516195
4.30292598967298	6.87768698230384
4.3010752688172	6.7600815404846
4.29922613929493	6.7600815404846
4.29737859905458	6.75528609071257
4.29553264604811	6.75208902169201
4.293688278231		6.75208902169201
4.29184549356223	6.48904893903411
4.29000429000429	6.46878531993014
4.28816466552316	6.540461872763
4.2863266180883	6.74869001745989
4.28449014567267	6.74869001745989
4.28265524625268	6.73411671835069
4.28082191780822	6.72367827904751
4.27899015832264	6.72367827904751
4.27715996578272	6.35112072762917
4.27533133817871	6.31967281651679
4.27350427350427	6.36063088420732
4.27167876975651	6.49219577479476
4.26985482493595	6.49219577479476
4.26803243704652	6.37293019349627
4.26621160409556	6.28706475072689
4.26439232409382	6.28706475072689
4.26257459505541	6.2882593784095
4.26075841499787	6.28836818481947
4.25894378194208	6.33533849281737
4.2571306939123	6.48076899360347
4.25531914893617	6.48076899360347
4.25350914504466	6.38583243248685
4.25170068027211	6.31887967334381
4.24989375265618	6.31887967334381
4.24808836023789	5.91481677312616
4.24628450106157	5.87199196949924
4.24448217317487	5.88626316839204
4.24268137462877	5.93006762981602
4.24088210347752	5.93006762981602
4.23908435777872	6.16538815922598
4.23728813559322	6.34807484424798
4.23549343498518	6.34807484424798
4.23370025402202	6.36537833714086
4.23190859077444	6.36726952219266
4.23011844331641	6.26486132890856
4.22832980972516	5.9192803100715
4.22654268808115	5.9192803100715
4.2247570764681	5.95010416539052
4.22297297297297	5.97482166596638
4.22119037568594	5.97482166596638
4.21940928270042	5.95070488856598
4.21762969211303	5.94771106730612
4.21585160202361	5.8964488202772
4.21407501053519	5.69957381041608
4.212299915754		5.69957381041608
4.21052631578947	5.86518292445491
4.20875420875421	6.00997032617303
4.20698359276399	6.00997032617303
4.20521446593776	6.07169914783171
4.20344682639765	6.07928957024035
4.20168067226891	6.05716526017883
4.19991600167997	5.97597184020733
4.19815281276239	5.97597184020733
4.19639110365086	5.88962331182282
4.19463087248322	5.81720049669563
4.19287211740042	5.81720049669563
4.19111483654652	5.86362557980687
4.18935902806871	5.87038811421875
4.18760469011725	5.9074684152856
4.18585182084554	6.04426764716523
4.18410041841004	6.04426764716523
4.18235048097031	5.89123905341461
4.18060200668896	5.75227328963659
4.17885499373172	5.75227328963659
4.17710944026734	5.67159614994453
4.17536534446764	5.65789723156862
4.17362270450751	5.64878821622694
4.17188151856487	5.61484166633216
4.17014178482068	5.61484166633216
4.16840350145894	5.60207443988381
4.16666666666667	5.59016130898508
4.1649312786339	5.59016130898508
4.16319733555371	5.37782481391145
4.16146483562214	5.34256850218462
4.15973377703827	5.35532679870978
4.15800415800416	5.41064808228736
4.15627597672486	5.41064808228736
4.15454923140839	5.53201420180682
4.15282392026578	5.64628028486774
4.151100041511		5.64628028486774
4.149377593361		5.74616748783036
4.14765657403567	5.76348426899971
4.14593698175788	5.73518191760384
4.14421881475342	5.60887821393415
4.14250207125104	5.60887821393415
4.1407867494824	5.5085170978709
4.13907284768212	5.41185614557901
4.13736036408771	5.41185614557901
4.13564929693962	5.25961771317486
4.13393964448119	5.22999215142606
4.13223140495868	5.24942805114772
4.13052457662123	5.34303383764176
4.12881915772089	5.34303383764176
4.12711514651259	5.21712370693117
4.12541254125413	5.09598514166992
4.12371134020619	5.09598514166992
4.12201154163232	5.17996512210832
4.12031314379893	5.19576270015671
4.11861614497529	5.18782011070041
4.11692054343351	5.14650425951279
4.11522633744856	5.14650425951279
4.11353352529823	5.08467687612883
4.11184210526316	5.02105764544393
4.1101520756268	5.02105764544393
4.10846343467543	5.2509985652957
4.10677618069815	5.30198327904558
4.10509031198686	5.27972989279763
4.10340582683627	5.16318429709277
4.10172272354389	5.16318429709277
4.10004100041		5.14936773172526
4.0983606557377	5.13345405678257
4.09668168783286	5.13345405678257
4.0950040950041	5.29095681375618
4.09332787556283	5.32672853956622
4.09165302782324	5.27989576485152
4.08997955010225	5.03610527746493
4.08830744071954	5.03610527746493
4.08663669799755	5.05412267185116
4.08496732026144	5.07469515136237
4.08329930583912	5.07469515136237
4.08163265306122	5.12114971275004
4.07996736026112	5.13164502373108
4.07830342577488	5.10589177003705
4.0766408479413	4.96225582869004
4.07497962510187	4.96225582869004
4.07331975560081	5.06157567036276
4.07166123778502	5.18206500837603
4.07000407000407	5.18206500837603
4.06834825061025	5.1981359829949
4.06669377795852	5.20222622014412
4.0650406504065	5.17931723121792
4.06338886631451	5.03844553553334
4.06173842404549	5.03844553553334
4.06008932196508	4.96731102918613
4.05844155844156	4.88022532609639
4.05679513184584	4.88022532609639
4.0551500405515	4.88619873009209
4.05350628293474	4.88776397152608
4.05186385737439	4.89833744087012
4.05022276225192	4.97273097242261
4.04858299595142	4.97273097242261
4.04694455685957	4.96568057821504
4.0453074433657	4.95687501332772
4.04367165386171	4.95687501332772
4.04203718674212	4.92582661565191
4.04040404040404	4.91780768872558
4.03877221324717	4.92003833790036
4.0371417036738	4.93676310957418
4.03551251008878	4.93676310957418
4.03388463089956	4.86692384513681
4.03225806451613	4.78005270380815
4.03063280935107	4.78005270380815
4.0290088638195	4.9346132895518
4.02738622633911	4.98091223630572
4.02576489533011	4.9907613562228
4.02414486921529	5.06957658589369
4.02252614641995	5.06957658589369
4.02090872537193	4.96130096550348
4.01929260450161	4.83304268448079
4.01767778224186	4.83304268448079
4.01606425702811	4.74688643531021
4.01445202729827	4.72245820843567
4.01284109149278	4.71955158935705
4.01123144805455	4.6937312659229
4.00962309542903	4.6937312659229
4.00801603206413	4.78059109330225
4.00641025641026	4.90696566503243
4.0048057669203	4.90696566503243
4.00320256204964	4.68058789500453
4.0016006402561	4.61081592433529
4			4.61072076950807
3.9984006397441	4.60978279211992
3.99680255795364	4.60978279211992
3.99520575309628	4.61704579238756
3.99361022364217	4.62653181642612
3.99201596806387	4.62653181642612
3.99042298483639	4.50209023940035
3.98883127243718	4.46085927660073
3.98724082934609	4.48913127327006
3.98565165404544	4.81212966377058
3.98406374501992	4.81212966377058
3.98247710075667	4.79886790875763
3.98089171974522	4.78123933100267
3.97930760047752	4.78123933100267
3.97772474144789	4.55821266929005
3.97614314115308	4.48255539858835
3.97456279809221	4.47416231988179
3.97298371076679	4.37274260752371
3.9714058776807	4.37274260752371
3.96982929734021	4.40600100443333
3.96825396825397	4.45351533657496
3.96667988893296	4.45351533657496
3.96510705789056	4.60516925165788
3.96353547364249	4.66040131403033
3.96196513470681	4.66954878671654
3.96039603960396	4.7935413427411
3.95882818685669	4.7935413427411
3.95726157499011	4.7619630179284
3.95569620253165	4.71554501434882
3.95413206801107	4.71554501434882
3.95256916996047	4.43031140307397
3.95100750691426	4.32411020242337
3.94944707740916	4.32510746209292
3.94788787998421	4.3409274949447
3.94632991318074	4.3409274949447
3.94477317554241	4.5144533228962
3.94321766561514	4.80482657722908
3.94166338194718	4.80482657722908
3.94011032308905	4.62224502871887
3.93855848759354	4.54874695478131
3.93700787401575	4.54724820559597
3.93545848091303	4.51951166295883
3.933910306845		4.51951166295883
3.93236335037357	4.48488354256424
3.93081761006289	4.43184159525422
3.92927308447937	4.43184159525422
3.92772977219167	4.24462852370492
3.92618767177071	4.17813516770342
3.92464678178964	4.18764213221118
3.92310710082385	4.38430303275894
3.92156862745098	4.38430303275894
3.92003136025088	4.29880614625816
3.91849529780564	4.16306044924006
3.91696043869957	4.16306044924006
3.91542678151918	4.39629354002563
3.91389432485323	4.49438204566311
3.91236306729264	4.48605192203045
3.91083300743058	4.27557580518078
3.90930414386239	4.27557580518078
3.90777647518562	4.14594396575073
3.90625		3.91175014563658
3.90472471690746	3.91175014563658
3.9032006245121	4.03160080603448
3.90167772142021	4.08985731871509
3.90015600624025	4.0973498439927
3.89863547758285	4.33360180766038
3.89711613406079	4.33360180766038
3.89559797428905	4.33976893935969
3.89408099688473	4.3498503468528
3.89256520046711	4.3498503468528
3.89105058365759	4.50119250722868
3.88953714507974	4.56943452431696
3.88802488335925	4.56135396369185
3.88651379712398	4.21021390423707
3.88500388500388	4.21021390423707
3.88349514563107	4.17537759561288
3.88198757763975	4.1053761237097
3.88048117966628	4.1053761237097
3.87897595034911	4.14149072846137
3.87747188832881	4.15919204025289
3.87596899224806	4.16008327369922
3.87446726075165	4.22248927132684
3.87296669248644	4.22248927132684
3.87146728610143	4.22737141630937
3.86996904024768	4.2369281243462
3.86847195357834	4.2369281243462
3.86697602474865	4.21864331677359
3.86548125241593	4.21005318403848
3.86398763523957	4.21096054486437
3.86249517188104	4.36797025674464
3.86100386100386	4.36797025674464
3.85951370127364	4.31719270792094
3.85802469135802	4.22060290000471
3.85653682992673	4.22060290000471
3.8550501156515	4.09858190847345
3.85356454720617	4.03678816319139
3.85208012326656	4.03678816319139
3.85059684251059	4.0432330430267
3.84911470361817	4.04324977824607
3.84763370527126	4.02726757249663
3.84615384615385	3.99258697419226
3.84467512495194	3.99258697419226
3.84319754035357	4.10594941570492
3.84172109104879	4.1674967850224
3.84024577572965	4.1674967850224
3.83877159309021	4.35976073462195
3.83729854182655	4.36161354887029
3.83582662063675	4.29132762849857
3.83435582822086	4.14623620627397
3.83288616328095	4.14623620627397
3.83141762452107	4.00486570979008
3.82995021064726	3.92757247451585
3.82848392036753	3.92757247451585
3.82701875239189	3.70022364878192
3.82555470543229	3.69606267031618
3.82409177820268	3.89242396811647
3.82262996941896	4.36245784095179
3.82116927779901	4.36245784095179
3.81970970206264	4.32506518106555
3.81825124093165	4.30538778459526
3.81679389312977	4.30538778459526
3.81533765738268	3.83779606255589
3.813882532418		3.82562184539093
3.81242851696531	3.91551675594481
3.8109756097561	4.12947549227192
3.80952380952381	4.12947549227192
3.80807311500381	4.18713989568126
3.80662352493338	4.22015268822592
3.80517503805175	4.22015268822592
3.80372765310004	3.83460424014306
3.80228136882129	3.82109051216369
3.80083618396047	3.87653496096825
3.79939209726444	4.00553674247602
3.79794910748196	4.00553674247602
3.79650721336371	3.93604201888237
3.79506641366224	3.8979250333869
3.79362670713202	3.8979250333869
3.79218809252939	4.14216508790962
3.79075056861258	4.15347798136218
3.78931413414172	4.14583120576162
3.78787878787879	4.12771133761409
3.78644452858766	4.12771133761409
3.78501135503407	3.87446304410496
3.78357926598562	3.7236075744979
3.7821482602118	3.7236075744979
3.78071833648393	3.94049358178162
3.77928949357521	3.95178236285195
3.77786173026067	3.92969117786867
3.77643504531722	3.87447751990265
3.77500943752359	3.87447751990265
3.77358490566038	4.01551727090411
3.77216144851		4.11140782642799
3.77073906485671	4.11140782642799
3.76931775348662	3.79532757508481
3.76789751318764	3.77704772690704
3.76647834274953	3.71973602190929
3.76506024096386	3.56463207912808
3.76364320662401	3.56463207912808
3.76222723852521	3.82752705601273
3.76081233546446	4.01062125573432
3.7593984962406	4.01062125573432
3.75798571965427	3.79770174292039
3.75657400450789	3.78276978745542
3.75516334960571	3.78931012223614
3.75375375375375	3.80787619948256
3.75234521575985	3.80787619948256
3.75093773443361	3.78530222056881
3.74953130858643	3.77042333439251
3.74812593703148	3.77042333439251
3.74672161858374	3.62252084661985
3.74531835205993	3.6111184551665
3.74391613627855	3.62250364287673
3.74251497005988	3.65500428384251
3.74111485222596	3.65500428384251
3.7397157816006	3.85592927800176
3.73831775700935	4.00064405624434
3.73692077727952	4.00064405624434
3.73552484124019	3.8726516688817
3.73412994772218	3.86128853379678
3.73273609555804	3.87388436969559
3.73134328358209	3.91240934244109
3.72995151063036	3.91240934244109
3.72856077554064	4.07227612796449
3.72717107715244	4.18301062369763
3.725782414307		4.18301062369763
3.7243947858473	3.9082067819143
3.72300819061802	3.88249381894148
3.72162262746557	3.88491807667845
3.72023809523809	3.89310590381382
3.71885459278542	3.89310590381382
3.71747211895911	3.77194909162813
3.71609067261241	3.68094392087618
3.7147102526003	3.68094392087618
3.71333085777943	3.72589903775327
3.71195248700817	3.73088143055037
3.71057513914657	3.71244480129469
3.70919881305638	3.65244340724884
3.70782350760104	3.65244340724884
3.70644922164566	3.82264467979379
3.70507595405706	3.9605440955006
3.7037037037037	3.9605440955006
3.70233246945576	3.68572050901981
3.70096225018505	3.65638534533095
3.69959304476508	3.69232447913875
3.69822485207101	3.81920739471474
3.69685767097967	3.81920739471474
3.69549150036955	3.68906801893826
3.6941263391208	3.58370818635835
3.69276218611521	3.58370818635835
3.69139904023625	3.72302178941164
3.690036900369		3.74108660753797
3.68867576540022	3.75986091036014
3.68731563421829	3.82551129796278
3.68595650571323	3.82551129796278
3.68459837877671	3.86682358548681
3.68324125230203	3.90048322215388
3.68188512518409	3.90048322215388
3.68052999631947	3.80931981422997
3.67917586460633	3.7967776367733
3.67782272894446	3.80731285261726
3.67647058823529	3.84987304639504
3.67511944138185	3.84987304639504
3.67376928728876	3.78229697869682
3.67242012486228	3.72196902421613
3.67107195301028	3.72196902421613
3.6697247706422	3.78414374825019
3.66837857666911	3.79266777946344
3.66703337000367	3.86551241414576
3.66568914956012	4.13617353962483
3.66434591425431	4.13617353962483
3.66300366300366	4.1099973429966
3.66166239472721	4.08548598409734
3.66032210834553	4.08548598409734
3.65898280278083	3.83352185424717
3.65764447695684	3.79368250087859
3.6563071297989	3.8189981457927
3.65497076023392	3.92450529873934
3.65363536719035	3.92450529873934
3.65230094959825	3.9728563122987
3.65096750638919	4.01648885494985
3.64963503649635	4.01648885494985
3.64830353885443	3.99458962469175
3.64697301239971	3.9908579402913
3.64564345607		3.92865182866358
3.64431486880466	3.6519383789342
3.64298724954463	3.6519383789342
3.64166059723234	3.66431329555792
3.64033491081179	3.67571457875281
3.63901018922853	3.67571457875281
3.63768643142961	3.59102907062825
3.63636363636364	3.57565912468286
3.63504180298073	3.58181803316905
3.63372093023256	3.60999311634027
3.63240101707229	3.60999311634027
3.63108206245461	3.69015035762642
3.62976406533575	3.76119846731521
3.62844702467344	3.76119846731521
3.62713093942691	3.92731686246837
3.62581580855693	3.95901667754459
3.62450163102573	3.93430879516665
3.6231884057971	3.8124846170725
3.62187613183629	3.8124846170725
3.62056480811006	3.64004023567585
3.61925443358668	3.46433210186113
3.61794500723589	3.46433210186113
3.61663652802893	3.46722772511069
3.61532899493854	3.46782544534968
3.61402240693892	3.48854797663097
3.61271676300578	3.59266610349804
3.61141206211629	3.59266610349804
3.6101083032491	3.58432361806691
3.60880548538434	3.57570368128492
3.60750360750361	3.57570368128492
3.60620266858997	3.53071606141717
3.60490266762797	3.52082678668053
3.6036036036036	3.5464609770403
3.60230547550432	3.69111967466867
3.60100828231905	3.69111967466867
3.59971202303816	3.66768504988913
3.59841669665347	3.64362970111959
3.59712230215827	3.64362970111959
3.59582883854728	3.64549565562169
3.59453630481668	3.6459171943682
3.59324469996407	3.61831411154212
3.59195402298851	3.46582595118005
3.59066427289049	3.46582595118005
3.58937544867193	3.74144951183346
3.5880875493362	4.08403338757745
3.58680057388809	4.08403338757745
3.58551452133381	3.54239817010954
3.584229390681		3.41668659850711
3.58294518093873	3.38396855047399
3.58166189111748	3.17407373512932
3.58037952022914	3.17407373512932
3.57909806728704	3.22885648122833
3.5778175313059	3.29490264013957
3.57653791130186	3.29490264013957
3.57525920629246	3.64934555459939
3.57398141529664	3.73702123466521
3.57270453733476	3.75621681251948
3.57142857142857	3.88066245512616
3.57015351660121	3.88066245512616
3.56887937187723	3.67211643970326
3.56760613628255	3.44429292116309
3.56633380884451	3.44429292116309
3.5650623885918	3.64570228860958
3.56379187455453	3.6961347600696
3.56252226576416	3.69527045088525
3.56125356125356	3.68913576649944
3.55998576005696	3.68913576649944
3.55871886120996	3.6248368479929
3.55745286374955	3.54433110919751
3.55618776671408	3.54433110919751
3.55492356914326	3.5404123226324
3.55366027007818	3.53934629211414
3.55239786856128	3.55212458271798
3.55113636363636	3.65155380012724
3.5498757543486	3.65155380012724
3.5486160397445	3.60360383921866
3.54735721887194	3.54523322199592
3.54609929078014	3.54523322199592
3.54484225451967	3.49355896849502
3.54358610914245	3.47858074234929
3.54233085370174	3.46360038563286
3.54107648725212	3.34084812324814
3.53982300884956	3.34084812324814
3.53857041755131	3.42022931573027
3.53731871241599	3.52292151824083
3.53606789250354	3.52292151824083
3.53481795687522	3.57164497435501
3.53356890459364	3.58622161858261
3.53232073472271	3.58881388024181
3.53107344632768	3.61195312693391
3.52982703847511	3.61195312693391
3.52858151023289	3.49020601425278
3.52733686067019	3.31816215952545
3.52609308885755	3.31816215952545
3.52485019386676	3.14435175699136
3.52360817477097	3.08709003964743
3.52236703064459	3.1097648851791
3.52112676056338	3.33187194550869
3.51988736360436	3.33187194550869
3.51864883884588	3.398946570524
3.51741118536757	3.48336523909318
3.51617440225035	3.48336523909318
3.51493848857645	3.47682995799897
3.51370344342937	3.47468544424989
3.51246926589392	3.47374283074018
3.51123595505618	3.46228499574894
3.51000351000351	3.46228499574894
3.50877192982456	3.36870410616779
3.50754121360926	3.23201969133878
3.50631136044881	3.23201969133878
3.50508236943568	3.19562515144278
3.50385423966363	3.18356828487813
3.50262697022767	3.19411994258606
3.50140056022409	3.3144219122632
3.50017500875044	3.3144219122632
3.49895031490553	3.24895902251443
3.49772647778944	3.15524920427025
3.4965034965035	3.15524920427025
3.4952813701503	3.1032797148773
3.49406009783368	3.08405461039455
3.49283967865875	3.0879931251777
3.49162011173184	3.14435863125062
3.49040139616056	3.14435863125062
3.48918353105373	3.08465742057363
3.48796651552145	2.99678884191181
3.48675034867503	2.99678884191181
3.48553502962705	3.15078797518807
3.48432055749129	3.20853015601509
3.48310693138279	3.21754174391543
3.48189415041783	3.35686396376845
3.48068221371389	3.35686396376845
3.4794711203897	3.31383789042098
3.47826086956522	3.24709926679812
3.47705146036161	3.24709926679812
3.47584289190129	3.2169622673307
3.47463516330785	3.20495861181341
3.47342827370615	3.19680567269211
3.47222222222222	3.05289245752255
3.47101700798334	3.05289245752255
3.46981263011797	3.08677778268611
3.46860908775581	3.14175358517822
3.46740638002774	3.14175358517822
3.46620450606586	2.99358312391896
3.46500346500346	2.93671000722451
3.46380325597506	2.93822625382907
3.46260387811634	2.97252921399876
3.46140533056421	2.97252921399876
3.46020761245675	3.00430114348086
3.45901072293324	3.05825354240503
3.45781466113416	3.05825354240503
3.45661942620118	3.24894365649868
3.45542501727712	3.33099895895667
3.45423143350604	3.33572611249433
3.45303867403315	3.46259187454798
3.45184673800483	3.46259187454798
3.45065562456867	3.38159786860193
3.4494653328734	3.24621215602776
3.44827586206897	3.24621215602776
3.44708721130645	3.22691668740979
3.44589937973811	3.21878429826141
3.4447123665174	3.22067167538075
3.4435261707989	3.28678139965577
3.44234079173838	3.28678139965577
3.44115622849277	3.2212844652299
3.43997248022016	3.10853793604529
3.43878954607978	3.10853793604529
3.43760742523204	2.89345649830838
3.43642611683849	2.79900386635099
3.43524562006183	2.79705920714298
3.43406593406593	2.69924456039112
3.43288705801579	2.69924456039112
3.43170899107756	2.77181711881553
3.43053173241852	2.90299075095751
3.42935528120713	2.90299075095751
3.42817963661296	3.06298314461036
3.42700479780672	3.13599083039019
3.42583076396026	3.13443514589226
3.42465753424658	3.00621303818291
3.42348510783978	3.00621303818291
3.42231348391513	2.94342297670376
3.42114266164899	2.82445251234694
3.41997264021888	2.82445251234694
3.41880341880342	2.94317774512606
3.41763499658237	2.9984473340144
3.41646737273659	2.99852977075715
3.41530054644809	3.01684398895736
3.41413451689997	3.01684398895736
3.41296928327645	2.98588905390343
3.41180484476288	2.92323613320138
3.4106412005457	2.92323613320138
3.40947834981248	2.91592988185666
3.40831629175187	2.9122857691856
3.40715502555366	2.9122857691856
3.40599455040872	3.08822995851442
3.40483486550902	3.08887237272469
3.40367597004765	3.04300076580158
3.40251786321878	2.9463551741153
3.40136054421769	2.9463551741153
3.40020401224073	2.62719275989473
3.39904826648538	2.46655415586235
3.39789330615019	2.46655415586235
3.39673913043478	2.76890681670209
3.3955857385399	2.77262214298176
3.39443312966735	2.80249041323661
3.39328130302002	2.86309293872272
3.3921302578019	2.86309293872272
3.39097999321804	2.72086208070059
3.38983050847458	2.64798080194932
3.38868180277872	2.64798080194932
3.38753387533875	2.87092227455616
3.38638672536404	2.87581247684215
3.385240352065		2.91811640136084
3.38409475465313	3.0122595795481
3.382949932341		3.0122595795481
3.38180588434224	2.70937486023452
3.38066260987153	2.55356014858043
3.37952010814464	2.55356014858043
3.37837837837838	2.31132713420751
3.37723741979061	2.30440601787536
3.37609723160027	2.39554337878784
3.37495781302734	2.61483480329753
3.37381916329285	2.61483480329753
3.37268128161889	2.66070300430778
3.37154416722859	2.6864492643449
3.37040781934614	2.6864492643449
3.36927223719677	2.85124143177489
3.36813742000674	2.85716959442338
3.36700336700337	2.82195373025877
3.36587007741501	2.74291280017521
3.36473755047106	2.74291280017521
3.36360578540195	2.7088799110152
3.36247478143914	2.68867109491996
3.36134453781513	2.68867109491996
3.36021505376344	2.64059403703146
3.35908632851864	2.63835968797936
3.35795836131632	2.62241825002564
3.35683115139308	2.5821249180639
3.35570469798658	2.5821249180639
3.35457900033546	2.6912719289556
3.35345405767941	2.76060659996316
3.35232986925914	2.76060659996316
3.35120643431635	2.48143244962755
3.3500837520938	2.46766511503871
3.34896182183523	2.46205565694949
3.3478406427854	2.44798190177567
3.34672021419009	2.44798190177567
3.34560053529609	2.43610407659391
3.34448160535117	2.42837038353161
3.34336342360415	2.42837038353161
3.34224598930481	2.62095802895025
3.34112930170398	2.6339126374205
3.34001336005344	2.62700088240249
3.33889816360601	2.60922849208389
3.33778371161549	2.60922849208389
3.33667000333667	2.49556794836859
3.33555703802535	2.4237635873881
3.33444481493831	2.4237635873881
3.33333333333333	2.73583083101917
3.33222259246918	2.7607843328601
3.3311125916056	2.6986234718694
3.33000333000333	2.52057311520735
3.3288948069241	2.52057311520735
3.32778702163062	2.63652640763935
3.32667997338656	2.71720415904511
3.3255736614566	2.71720415904511
3.32446808510638	2.49096724129836
3.32336324360253	2.47433445221725
3.32225913621262	2.58483568547139
3.32115576220525	2.90253057621972
3.32005312084993	2.90253057621972
3.31895121141719	2.9603950803781
3.3178500331785	3.0001630147417
3.3167495854063	3.0001630147417
3.31564986737401	2.93056010188608
3.31455087835598	2.92423832600856
3.31345261762757	2.90581339028278
3.31235508446505	2.8500095466267
3.3112582781457	2.8500095466267
3.3101621979477	2.69668869781184
3.30906684315023	2.58792688144038
3.30797221303341	2.58792688144038
3.30687830687831	2.22011221310295
3.30578512396694	2.18350545949513
3.30469266358229	2.26926636794103
3.30360092500826	2.54267945027986
3.30250990752972	2.54267945027986
3.30141961043249	2.59246030284853
3.3003300330033	2.62867398580087
3.29924117452986	2.62867398580087
3.29815303430079	2.35362510228015
3.29706561160567	2.32448009250364
3.295978905735		2.35116694838031
3.29489291598023	2.44411215835687
3.29380764163373	2.44411215835687
3.2927230819888	2.61641621117821
3.2916392363397	2.75758572401214
3.29055610398157	2.75758572401214
3.28947368421053	2.81808116649029
3.28839197632358	2.82509356151581
3.28731097961867	2.82869974410509
3.28623069339468	2.84079908938155
3.28515111695138	2.84079908938155
3.28407224958949	2.75357030418232
3.28299409061064	2.68144034072736
3.28191663931736	2.68144034072736
3.28083989501312	2.65037770182105
3.2797638570023	2.64638035209966
3.27868852459016	2.61272864349455
3.27761389708292	2.49277060118267
3.27653997378768	2.49277060118267
3.27546675401245	2.37022922348643
3.27439423706614	2.26913526624864
3.27332242225859	2.26913526624864
3.27225130890052	2.65556118081495
3.27118089630357	2.71187817143718
3.27011118378025	2.72074936249256
3.269042170644		2.7542739909552
3.26797385620915	2.7542739909552
3.26690623979092	2.61849491001239
3.26583932070542	2.50428987590872
3.26477309826967	2.50428987590872
3.26370757180157	2.47246362130515
3.2626427406199	2.46766821255432
3.26157860404436	2.48342653264568
3.2605151613955	2.54831461330597
3.25945241199478	2.54831461330597
3.25839035516455	2.43419344767752
3.25732899022801	2.33671525601842
3.25626831650928	2.33671525601842
3.25520833333333	2.38529357813374
3.25414904002603	2.39338095177471
3.25309043591412	2.43193361412187
3.2520325203252	2.59000249811753
3.25097529258778	2.59000249811753
3.2499187520312	2.69542568945364
3.2488628979857	2.78805610287256
3.2478077297824	2.78805610287256
3.24675324675325	2.76942349500587
3.24569944823109	2.7661855432866
3.24464633354964	2.74890845978881
3.24359390204346	2.67121593851712
3.24254215304799	2.67121593851712
3.24149108589951	2.72426588937259
3.24044069993519	2.77660647416013
3.23939099449304	2.77660647416013
3.23834196891192	2.49262188060929
3.23729362253156	2.44122557299271
3.23624595469256	2.57189687353863
3.23519896473633	3.1363335407839
3.23415265200517	3.1363335407839
3.23310701584222	3.10340012001524
3.23206205559147	3.07118513735629
3.23101777059774	3.07118513735629
3.22997416020672	2.74712614907969
3.22893122376493	2.68025144481084
3.22788896061975	2.69141651261279
3.22684737011939	2.74544186362567
3.2258064516129	2.74544186362567
3.22476620445018	2.82484063120915
3.22372662798195	2.90262855344369
3.22268772155978	2.90262855344369
3.22164948453608	2.64394797944174
3.22061191626409	2.59277198366965
3.21957501609787	2.54880539543318
3.21853878339234	2.30657009578141
3.21750321750322	2.30657009578141
3.21646831778707	2.30040192629119
3.21543408360129	2.29393365544778
3.21440051430408	2.29393365544778
3.2133676092545	2.64251503187036
3.2123353678124	2.70365772914688
3.21130378933847	2.72077879844943
3.21027287319422	2.82158603883855
3.20924261874198	2.82158603883855
3.20821302534488	2.86126072659748
3.2071840923669	2.90633606407564
3.20615581917281	2.90633606407564
3.20512820512821	2.75849213977864
3.20410124959949	2.7277469084645
3.20307495195388	2.72232006304423
3.2020493115594	2.69013779574131
3.20102432778489	2.69013779574131
3.2			2.5085155768894
3.19897632757518	2.28872097658399
3.19795330988168	2.28872097658399
3.19693094629156	2.16354019632096
3.19590923617769	2.13236394563824
3.19488817891374	2.15384832038549
3.19386777387416	2.28328749156011
3.19284802043423	2.28328749156011
3.19182891797		2.34572253575466
3.19081046585833	2.41956992647205
3.18979266347687	2.41956992647205
3.18877551020408	2.36823939320496
3.18775900541919	2.3559436003001
3.18674314850223	2.35695392209177
3.18572793883402	2.36371320565146
3.18471337579618	2.36371320565146
3.18369945877109	2.36540012027187
3.18268618714195	2.36732068426167
3.18167356029271	2.36732068426167
3.18066157760814	2.3247599364532
3.17965023847377	2.31367977387805
3.17863954227591	2.36496583634882
3.17762948840165	2.73055705767247
3.17662007623888	2.73055705767247
3.17561130517625	2.81694317293232
3.17460317460317	2.92619656501864
3.17359568390987	2.92619656501864
3.17258883248731	2.44111285800881
3.17158261972724	2.29176030561283
3.17057704502219	2.30052062750003
3.16957210776545	2.369559843837
3.16856780735108	2.369559843837
3.1675641431739	2.40580755416326
3.16656111462951	2.45071818801452
3.16555872111428	2.45071818801452
3.16455696202532	2.50919310793574
3.16355583676052	2.52598423757733
3.16255534471853	2.52662218533845
3.16155548529877	2.53224107945448
3.16055625790139	2.53224107945448
3.15955766192733	2.43506478865049
3.15855969677827	2.30634911756831
3.15756236185665	2.30634911756831
3.15656565656566	2.57911569630267
3.15556958030925	2.65521875238413
3.15457413249211	2.63034997284061
3.15357931251971	2.41206327991945
3.15258511979823	2.41206327991945
3.15159155373464	2.28785105480394
3.15059861373661	2.11960925071792
3.1496062992126	2.11960925071792
3.14861460957179	2.11185466259631
3.14762354422411	2.10935566175362
3.14663310258024	2.16481490555997
3.14564328405159	2.6839162584695
3.14465408805031	2.6839162584695
3.14366551398931	2.51640020517083
3.14267756128221	2.24038178515983
3.14169022934339	2.24038178515983
3.14070351758794	2.08294736479793
3.13971742543171	2.02892336976693
3.13873195229127	2.01113893372747
3.13774709758393	1.81986352026757
3.13676286072773	1.81986352026757
3.13577924114142	1.87888554461474
3.13479623824451	1.96028586354941
3.13381385145722	1.96028586354941
3.1328320802005	2.57599970159488
3.13185092389602	2.76599674152938
3.13087038196619	2.79948490564986
3.12989045383412	3.19354485430289
3.12891113892365	3.19354485430289
3.12793243665937	3.10147635892749
3.12695434646654	2.95330735937516
3.12597686777118	2.95330735937516
3.125			2.68860944524249
3.12402374258044	2.59003402948913
3.12304809494066	2.6012285747924
3.12207305650952	2.74559405157965
3.1210986267166	2.74559405157965
3.1201248049922	2.78548886254351
3.11915159076731	2.84841921371441
3.11817898347365	2.84841921371441
3.11720698254364	2.28094030267347
3.11623558741041	2.08350206910678
3.11526479750779	2.08889326171966
3.11429461227032	2.17236334308589
3.11332503113325	2.17236334308589
3.11235605353252	2.08570428012842
3.11138767890479	1.9372554112721
3.1104199066874	1.9372554112721
3.10945273631841	1.95684117841876
3.10848616723656	1.9664208983526
3.10752019888129	1.98189973742337
3.10655483069276	2.24757890650517
3.1055900621118	2.24757890650517
3.10462589257994	2.1829667725392
3.10366232153942	2.09088183826769
3.10269934843314	2.09088183826769
3.10173697270471	2.09683165886373
3.10077519379845	2.0991774674813
3.09981401115933	2.10413823191509
3.09885342423303	2.22561939461611
3.09789343246592	2.22561939461611
3.09693403530505	2.12120165770531
3.09597523219814	1.92785552294596
3.09501702259362	1.92785552294596
3.09405940594059	1.85540910276022
3.09310238168883	1.8254165258351
3.09214594928881	1.83091802929683
3.09119010819165	1.96747908090891
3.0902348578492	1.96747908090891
3.08928019771393	1.84645313263676
3.08832612723904	1.64934929641942
3.08737264587836	1.64934929641942
3.08641975308642	2.23303405054855
3.08546744831842	2.44776057673268
3.08451573103023	2.46327178885932
3.08356460067838	2.99817866557279
3.0826140567201	2.99817866557279
3.08166409861325	2.78872041989754
3.08071472581639	2.37079031746153
3.07976593778873	2.37079031746153
3.07881773399015	2.49378728815693
3.07787011388119	2.55256349989466
3.07692307692308	2.55005689983023
3.07597662257767	2.40867153637665
3.0750307503075	2.40867153637665
3.07408545957578	2.55581310159903
3.07314074984634	2.80150032539676
3.07219662058372	2.80150032539676
3.07125307125307	2.48485155546193
3.07031010132023	2.3355204111637
3.06936771025169	2.33385394432891
3.06842589751457	2.18485251809335
3.06748466257669	2.18485251809335
3.06654400490647	2.05788634434909
3.06560392397302	1.81240579243394
3.06466441924609	1.81240579243394
3.06372549019608	1.74339300665107
3.06278713629403	1.71385709694933
3.06184935701163	1.71389650111185
3.06091215182124	1.72775001352598
3.05997552019584	1.72775001352598
3.05903946160905	1.79519016980372
3.05810397553517	1.93268951515859
3.0571690614491	1.93268951515859
3.05623471882641	1.64259425280418
3.05530094714329	1.53014327326554
3.0543677458766	1.53014327326554
3.05343511450382	1.845256854758
3.05250305250305	1.84672834650237
3.05157155935307	1.51968031295104
3.05064063453325	0.499518244821761
3.04971027752364	0.499518244821761
3.04878048780488	1.08271583877186
3.04785126485827	1.33695970360675
3.04692260816575	1.33695970360675
3.04599451720987	2.68731824021385
3.04506699147381	2.70473642590889
3.0441400304414	2.79767409449462
3.04321363359708	2.99173913416254
3.04228780042592	2.99173913416254
3.04136253041362	2.85818725854429
3.04043782304652	2.78297081326572
3.03951367781155	2.78297081326572
3.03859009419629	2.98190664801394
3.03766707168894	2.98506430295946
3.03674460977832	3.08179956320601
3.03582270795386	3.27897171745749
3.03490136570561	3.27897171745749
3.03398058252427	2.67258765678182
3.03306035790112	2.28773830620091
3.03214069132808	2.28773830620091
3.03122158229767	1.51019841245579
3.03030303030303	1.48111658902941
3.02938503483793	1.4234956592959
3.02846759539673	1.32362379130722
3.02755071147442	1.32362379130722
3.02663438256659	2.29568422999445
3.02571860816944	2.74429813222792
3.02480338777979	2.74429813222792
3.02388872089507	6.02831615906868
3.0229746070133	6.10026082329007
3.02206104563312	5.99619936162538
3.02114803625378	5.73881812452225
3.02023557837511	5.73881812452225
3.01932367149758	5.66557009593984
3.01841231512225	5.61044442003882
3.01750150875075	5.61044442003882
3.01659125188537	5.66082941404636
3.01568154402895	5.66298063586412
3.01477238468496	5.25214055958078
3.01386377335744	3.64696505482634
3.01295570955107	3.64696505482634
3.01204819277108	2.7330474286459
3.01114122252334	1.939634656107
3.01023479831427	1.939634656107
3.00932891965092	1.8631845277136
3.00842358604091	1.85801581285996
3.00751879699248	1.4609682030038
3.00661455201443	0.385192889814209
3.00571085061617	0.385192889814209
3.00480769230769	-0.509197222219084
3.00390507659958	-0.959372136356029
3.003003003003		-0.959372136356029
3.00210147102972	1.52919870162611
3.00120048019208	1.62939243436344
3.000300030003		1.69953311478588
2.999400119976		1.89345994173978
2.99850074962519	1.89345994173978
2.99760191846523	1.04753741184147
2.99670362601139	0.572942554407461
2.99580587177951	0.572942554407461
2.99490865528601	-0.964840321845794
2.9940119760479	-1.10396768776901
2.99311583358276	-0.298545278174811
2.99222022740874	1.35111126013408
2.99132515704457	1.35111126013408
2.99043062200957	1.25629546984279
2.98953662182362	1.18864311049536
2.98864315600717	1.18864311049536

