      1150.581    3.8913039E-12    1.2971221E-12          0
      1152.257    4.5764759E-12    1.1052417E-12          0
      1153.934    4.8846040E-12    1.0263084E-12          0
      1155.610    5.0661736E-12    9.6488041E-13          0
      1157.287    5.6268930E-12    9.1286126E-13          0
      1158.963    3.8600642E-12    1.2606129E-12          0
      1160.639    4.7499552E-12    7.6153054E-13          0
      1162.316    5.1526977E-12    7.2715201E-13          0
      1163.992    5.5808743E-12    7.1195713E-13          0
      1165.669    5.4857694E-12    6.6985594E-13          0
      1167.345    4.7819769E-12    6.1952581E-13          0
      1169.021    4.4502106E-12    5.7808825E-13          0
      1170.698    3.5355315E-12    5.3044781E-13          0
      1172.374    3.8075441E-12    5.0217789E-13          0
      1174.051    2.4064919E-12    4.4497809E-13          0
      1175.727    2.6703078E-12    6.3933835E-13          0
      1177.403    3.6576740E-12    4.2094109E-13          0
      1179.080    5.0800358E-12    4.3014710E-13          0
      1180.756    4.7606606E-12    4.3938578E-13          0
      1182.433    4.6794283E-12    3.8562231E-13          0
      1184.109    5.3716740E-12    3.8707777E-13          0
      1185.785    5.2554597E-12    3.6439439E-13          0
      1187.462    4.6127616E-12    5.1578858E-13      -4096
      1189.138    3.3842345E-12    3.2057893E-13      -4096
      1190.815    3.4766380E-12    3.2521682E-13      -4096
      1192.491    3.5246281E-12    4.7263072E-13      -4096
      1194.167    4.3066969E-12    3.7567798E-13      -4096
      1195.844    4.3355788E-12    4.6781486E-13      -4096
      1197.520    2.9188030E-12    2.7777905E-13      -4096
      1199.197    2.3538042E-12    2.6059826E-13      -4096
      1200.873    1.7641085E-12    2.2189878E-13          0
      1202.549    9.8215576E-13    2.0063442E-13          0
      1204.226    7.7810544E-13    1.9228118E-13          0
      1205.902    8.8626811E-13    1.8923430E-13        -32
      1207.579    1.8464449E-12    2.2409609E-13        -32
      1209.255    1.5923132E-12    2.1116019E-13          0
      1210.931    2.1674388E-12    1.9880258E-13          0
      1212.608    2.4274385E-12    1.9927912E-13          0
      1214.284    2.9110776E-12    2.0333519E-13          0
      1215.961    2.9863683E-12    2.3885340E-13          0
      1217.637    2.4749603E-12    1.8662756E-13        -32
      1219.313    1.8342123E-12    1.7132335E-13        -32
      1220.990    1.3582038E-12    1.5959227E-13          0
      1222.666    1.5026678E-12    1.5998537E-13          0
      1224.343    2.2058061E-12    1.7009988E-13          0
      1226.019    2.9271843E-12    1.8320861E-13          0
      1227.695    3.3987561E-12    1.9031711E-13          0
      1229.372    4.0230462E-12    2.0114310E-13          0
      1231.048    5.0640620E-12    2.2185656E-13          0
      1232.725    5.7300748E-12    2.2762521E-13          0
      1234.401    5.3911589E-12    2.1883595E-13          0
      1236.077    6.4033778E-12    2.3474677E-13          0
      1237.754    6.9277570E-12    2.4251041E-13          0
      1239.430    7.7784680E-12    2.5654259E-13          0
      1241.107    8.5258649E-12    2.6994636E-13          0
      1242.783    8.9608911E-12    2.7749680E-13          0
      1244.459    8.5847458E-12    2.7050012E-13          0
      1246.136    7.3445312E-12    2.4562722E-13          0
      1247.812    7.1306971E-12    2.4136956E-13          0
      1249.489    7.6314025E-12    2.5224094E-13          0
      1251.165    7.3671338E-12    2.4554835E-13          0
      1252.841    8.0256609E-12    2.5471463E-13          0
      1254.518    8.2407839E-12    2.5843444E-13          0
      1256.194    7.6170259E-12    2.4756784E-13          0
      1257.871    6.7979533E-12    2.3175423E-13          0
      1259.547    6.3227067E-12    2.2229862E-13          0
      1261.223    6.3032500E-12    2.2019413E-13          0
      1262.900    7.2851837E-12    2.3955303E-13          0
      1264.576    8.4581153E-12    2.6639075E-13          0
      1266.253    8.9288932E-12    2.7391598E-13          0
      1267.929    9.5774361E-12    2.8686523E-13          0
      1269.605    9.5801526E-12    2.8895023E-13          0
      1271.282    9.4786869E-12    2.8412982E-13          0
      1272.958    8.5156066E-12    2.6183054E-13          0
      1274.635    8.8455389E-12    2.6834844E-13          0
      1276.311    8.5516854E-12    2.6263261E-13          0
      1277.987    9.0154021E-12    2.7390235E-13          0
      1279.664    9.6604096E-12    2.8580938E-13          0
      1281.340    9.6098624E-12    2.8723692E-13          0
      1283.017    9.7232907E-12    2.8908023E-13          0
      1284.693    8.7181234E-12    2.6555507E-13          0
      1286.369    9.0879118E-12    2.7277570E-13          0
      1288.046    8.9882156E-12    2.7182870E-13          0
      1289.722    9.2498864E-12    2.7797643E-13          0
      1291.399    7.7552183E-12    2.4599558E-13          0
      1293.075    7.8788920E-12    2.4645601E-13          0
      1294.751    6.8021738E-12    2.2549665E-13          0
      1296.428    6.9042940E-12    2.2795069E-13          0
      1298.104    6.9198050E-12    2.2723212E-13          0
      1299.781    6.1235448E-12    2.1071727E-13          0
      1301.457    5.5243600E-12    1.9883037E-13          0
      1303.133    6.5868634E-12    2.1956392E-13          0
      1304.810    8.9051726E-12    2.7220305E-13          0
      1306.486    1.0353877E-11    3.0512677E-13          0
      1308.163    1.2241413E-11    3.5161541E-13          0
      1309.839    1.1023623E-11    3.2316993E-13          0
      1311.515    1.0927893E-11    3.1765389E-13          0
      1313.192    1.0637191E-11    3.1270808E-13          0
      1314.868    1.0371951E-11    3.0441334E-13          0
      1316.545    1.1993355E-11    3.4321862E-13          0
      1318.221    1.1651078E-11    3.3684440E-13          0
      1319.897    1.1636243E-11    3.3570182E-13      -4096
      1321.574    1.1044290E-11    3.3477255E-13      -4096
      1323.250    1.0397128E-11    3.2987128E-13      -4224
      1324.927    9.6366396E-12    3.0861633E-13      -4224
      1326.603    9.7913266E-12    3.1438545E-13      -4224
      1328.279    8.9673659E-12    2.8204210E-13      -4096
      1329.956    7.7497496E-12    2.4509629E-13          0
      1331.632    5.7618433E-12    2.0452310E-13          0
      1333.309    6.5323701E-12    2.2197072E-13          0
      1334.985    9.9705374E-12    2.9951004E-13          0
      1336.661    1.3227306E-11    3.7887518E-13          0
      1338.338    1.3139245E-11    3.7661427E-13          0
      1340.014    1.1591642E-11    3.3707073E-13          0
      1341.691    9.6657170E-12    2.8890887E-13          0
      1343.367    9.9454316E-12    2.9771107E-13          0
      1345.043    1.0665785E-11    3.1473728E-13          0
      1346.720    1.1805319E-11    3.4061591E-13      -1280
      1348.396    1.3267856E-11    3.8100098E-13      -1280
      1350.073    1.3291807E-11    3.7804896E-13          0
      1351.749    1.2411491E-11    3.5694372E-13          0
      1353.425    1.3142280E-11    3.7685474E-13          0
      1355.102    1.2928273E-11    3.6973528E-13          0
      1356.778    1.3363094E-11    3.8113978E-13          0
      1358.455    1.2500219E-11    3.6120637E-13          0
      1360.131    1.2508159E-11    3.5911405E-13          0
      1361.807    1.1735581E-11    3.3888056E-13          0
      1363.484    1.2249498E-11    3.5239671E-13          0
      1365.160    1.2391681E-11    3.5833833E-13          0
      1366.837    1.2630929E-11    3.6608965E-13          0
      1368.513    1.2121255E-11    3.4679174E-13          0
      1370.189    1.3031888E-11    3.7031272E-13          0
      1371.866    1.2870803E-11    3.6853390E-13          0
      1373.542    1.1672768E-11    3.3740429E-13          0
      1375.219    1.1087878E-11    3.2739832E-13          0
      1376.895    1.1477999E-11    3.3723455E-13          0
      1378.571    1.1296466E-11    3.3084760E-13          0
      1380.248    1.0978276E-11    3.2256286E-13          0
      1381.924    1.1534650E-11    3.3541328E-13          0
      1383.601    1.0817544E-11    3.1856820E-13        -32
      1385.277    1.1222232E-11    3.3284847E-13        -32
      1386.953    1.1021710E-11    3.2589507E-13          0
      1388.630    9.1802971E-12    2.8736386E-13          0
      1390.306    6.2665212E-12    2.2865531E-13          0
      1391.983    5.5866249E-12    2.1412790E-13          0
      1393.659    8.6991378E-12    2.7826566E-13          0
      1395.335    1.0967488E-11    3.2758816E-13          0
      1397.012    9.3660453E-12    2.9131312E-13          0
      1398.688    7.2901468E-12    2.5043487E-13          0
      1400.365    6.8360031E-12    2.4248735E-13          0
      1402.041    9.4345582E-12    2.9454407E-13          0
      1403.717    1.3685146E-11    3.8503329E-13          0
      1405.394    1.3371733E-11    3.7820298E-13          0
      1407.070    1.2928933E-11    3.7040014E-13          0
      1408.747    1.3098784E-11    3.7602888E-13          0
      1410.423    1.4068228E-11    3.9456757E-13          0
      1412.099    1.3838253E-11    3.8934375E-13          0
      1413.776    1.2389230E-11    3.5777620E-13          0
      1415.452    1.2351025E-11    3.5709866E-13          0
      1417.129    1.1955905E-11    3.5017437E-13          0
      1418.805    1.1852195E-11    3.4563910E-13          0
      1420.481    1.2050200E-11    3.4941229E-13          0
      1422.158    1.2440055E-11    3.5867728E-13          0
      1423.834    1.3352903E-11    3.7762374E-13          0
      1425.511    1.3019428E-11    3.7080641E-13          0
      1427.187    1.3251150E-11    3.7552876E-13          0
      1428.863    1.3619195E-11    3.7991981E-13          0
      1430.540    1.4679039E-11    4.0178576E-13          0
      1432.216    1.4888262E-11    4.0668296E-13          0
      1433.893    1.4127949E-11    3.9064064E-13          0
      1435.569    1.3977869E-11    3.8671678E-13          0
      1437.245    1.4457744E-11    3.9629034E-13          0
      1438.922    1.4741101E-11    4.0218000E-13          0
      1440.598    1.4960238E-11    4.0490723E-13          0
      1442.275    1.4776945E-11    4.0051919E-13          0
      1443.951    1.4723037E-11    3.9854236E-13          0
      1445.627    1.4570784E-11    3.9571176E-13          0
      1447.304    1.5041293E-11    4.0413107E-13          0
      1448.980    1.4768424E-11    3.9790572E-13          0
      1450.657    1.5563110E-11    4.1104584E-13          0
      1452.333    1.4790353E-11    3.9642581E-13          0
      1454.009    1.4414359E-11    3.9071838E-13          0
      1455.686    1.4969500E-11    3.9874720E-13          0
      1457.362    1.5820003E-11    4.1347039E-13          0
      1459.039    1.5445161E-11    4.0712561E-13          0
      1460.715    1.5838218E-11    4.1212780E-13          0
      1462.391    1.5894092E-11    4.1383195E-13          0
      1464.068    1.4053340E-11    3.7723551E-13          0
      1465.744    1.3636732E-11    3.6791468E-13          0
      1467.421    1.2677741E-11    3.5128926E-13          0
      1469.097    1.3244012E-11    3.5996572E-13          0
      1470.773    1.3953633E-11    3.7076809E-13          0
      1472.450    1.3444874E-11    3.6084742E-13          0
      1474.126    1.3097338E-11    3.5444710E-13          0
      1475.803    1.3508629E-11    3.6021641E-13          0
      1477.479    1.4282765E-11    3.7209203E-13          0
      1479.156    1.3632710E-11    3.6120605E-13          0
      1480.832    1.2659758E-11    3.4500582E-13          0
      1482.508    1.2383389E-11    3.3974096E-13          0
      1484.185    1.3292215E-11    3.5354358E-13          0
      1485.861    1.3806563E-11    3.6113937E-13          0
      1487.537    1.5511904E-11    3.8778768E-13          0
      1489.214    1.5309566E-11    3.8397291E-13          0
      1490.890    1.4131303E-11    3.6596076E-13          0
      1492.567    1.3466099E-11    3.5320781E-13          0
      1494.243    1.3831931E-11    3.5840834E-13          0
      1495.919    1.3174556E-11    3.4801155E-13          0
      1497.596    1.2430709E-11    3.3603085E-13          0
      1499.272    1.1229268E-11    3.1652599E-13          0
      1500.949    1.1145183E-11    3.1641733E-13          0
      1502.625    1.1306688E-11    3.1769723E-13          0
      1504.302    1.2639834E-11    3.3860970E-13          0
      1505.978    1.3306977E-11    3.4791888E-13          0
      1507.654    1.3471928E-11    3.4932165E-13          0
      1509.331    1.2018679E-11    3.2677119E-13          0
      1511.007    1.0946519E-11    3.1073364E-13          0
      1512.683    1.1439630E-11    3.1735004E-13          0
      1514.360    1.1245070E-11    3.1424540E-13          0
      1516.036    1.1652654E-11    3.2073289E-13          0
      1517.713    1.2332493E-11    3.2941147E-13          0
      1519.389    1.3660060E-11    3.4836050E-13          0
      1521.065    1.3753626E-11    3.4997236E-13          0
      1522.742    1.2799321E-11    3.3654066E-13          0
      1524.418    1.1427742E-11    3.1573547E-13          0
      1526.095    1.0191638E-11    2.9682355E-13          0
      1527.771    1.0719191E-11    3.0433842E-13          0
      1529.448    1.0586179E-11    3.0235333E-13          0
      1531.124    9.9854300E-12    2.9281406E-13          0
      1532.800    1.0195251E-11    2.9524839E-13          0
      1534.477    1.0011238E-11    2.9019918E-13          0
      1536.153    1.0214223E-11    2.9240502E-13          0
      1537.829    8.7708868E-12    2.7048418E-13          0
      1539.506    8.7163792E-12    2.6928533E-13          0
      1541.182    8.4163536E-12    2.6427309E-13          0
      1542.859    6.4962489E-12    2.3070844E-13          0
      1544.535    5.0989824E-12    2.0561615E-13          0
      1546.211    6.0615887E-12    2.2334124E-13          0
      1547.888    9.6855518E-12    2.8079226E-13          0
      1549.564    1.3595547E-11    3.3520162E-13          0
      1551.241    1.5822975E-11    3.6265693E-13          0
      1552.917    1.4531350E-11    3.4386518E-13          0
      1554.594    1.3291144E-11    3.2713442E-13          0
      1556.270    1.1873211E-11    3.0641638E-13          0
      1557.946    1.1036514E-11    2.9404479E-13          0
      1559.623    1.1058800E-11    2.9385676E-13          0
      1561.299    1.1641979E-11    3.0062712E-13          0
      1562.975    1.1606796E-11    3.0151397E-13          0
      1564.652    1.1886773E-11    3.0375981E-13          0
      1566.328    1.2186154E-11    3.0636325E-13          0
      1568.005    1.1844584E-11    3.0019485E-13          0
      1569.681    1.2196369E-11    3.0337899E-13          0
      1571.357    1.2621720E-11    3.0800755E-13          0
      1573.034    1.2687006E-11    3.0689980E-13          0
      1574.710    1.2669750E-11    3.0548201E-13          0
      1576.387    1.2393922E-11    3.0120562E-13          0
      1578.063    1.2186628E-11    2.9782389E-13          0
      1579.740    1.2327003E-11    2.9840204E-13          0
      1581.416    1.2648755E-11    3.0137695E-13          0
      1583.092    1.3928164E-11    3.1673484E-13          0
      1584.769    1.4728581E-11    3.2502622E-13          0
      1586.445    1.4388474E-11    3.2086627E-13          0
      1588.121    1.3843866E-11    3.1178207E-13          0
      1589.798    1.4320862E-11    3.1567338E-13          0
      1591.474    1.3542366E-11    3.0561157E-13          0
      1593.151    1.3449507E-11    3.0452293E-13          0
      1594.827    1.3575283E-11    3.0555246E-13          0
      1596.503    1.3058377E-11    2.9772655E-13          0
      1598.180    1.3309770E-11    2.9998817E-13          0
      1599.856    1.3058409E-11    2.9653713E-13          0
      1601.533    1.2188178E-11    2.8459201E-13          0
      1603.209    1.2114768E-11    2.8200440E-13          0
      1604.885    1.1840692E-11    2.7758367E-13          0
      1606.562    1.1252783E-11    2.7023644E-13          0
      1608.238    1.0648991E-11    2.6226701E-13          0
      1609.915    1.1786001E-11    2.7384532E-13          0
      1611.591    1.2324968E-11    2.7898032E-13          0
      1613.267    1.3310832E-11    2.8914417E-13          0
      1614.944    1.3988373E-11    2.9547437E-13          0
      1616.620    1.3460502E-11    2.8862177E-13          0
      1618.297    1.3168616E-11    2.8494348E-13          0
      1619.973    1.2889900E-11    2.8038189E-13          0
      1621.649    1.2354133E-11    2.7376078E-13          0
      1623.326    1.3371371E-11    2.8402202E-13          0
      1625.002    1.3835308E-11    2.8764439E-13          0
      1626.679    1.3402967E-11    2.8172104E-13          0
      1628.355    1.3227507E-11    2.7711999E-13          0
      1630.031    1.3355313E-11    2.7765469E-13          0
      1631.708    1.3892386E-11    2.8227068E-13          0
      1633.384    1.4768608E-11    2.9212480E-13          0
      1635.061    1.6343154E-11    3.0828156E-13          0
      1636.737    1.6305251E-11    3.0683897E-13          0
      1638.413    1.5820635E-11    2.9912536E-13          0
      1640.090    1.6159967E-11    3.0242966E-13          0
      1641.766    1.5739713E-11    2.9646633E-13          0
      1643.443    1.6614946E-11    3.0446536E-13          0
      1645.119    1.6506803E-11    3.0160030E-13          0
      1646.795    1.6601295E-11    3.0150280E-13          0
      1648.472    1.6149974E-11    2.9411689E-13          0
      1650.148    1.5661765E-11    2.8677947E-13          0
      1651.825    1.4548728E-11    2.7486024E-13          0
      1653.501    1.4351621E-11    2.7333447E-13          0
      1655.177    1.4538215E-11    2.7397114E-13          0
      1656.854    1.4512149E-11    2.7168833E-13      -4096
      1658.530    1.4587612E-11    2.7260494E-13      -4096
      1660.207    1.4838070E-11    2.7688415E-13      -4096
      1661.883    1.4868568E-11    2.7213515E-13      -4096
      1663.559    1.4912096E-11    2.7033749E-13      -4096
      1665.236    1.5259237E-11    2.7224417E-13          0
      1666.912    1.5156138E-11    2.6894144E-13          0
      1668.589    1.4321923E-11    2.5978097E-13          0
      1670.265    1.4088664E-11    2.5637522E-13          0
      1671.941    1.4382954E-11    2.5754534E-13          0
      1673.618    1.4704829E-11    2.5971307E-13          0
      1675.294    1.5468238E-11    2.6609026E-13          0
      1676.971    1.6476933E-11    2.7552627E-13          0
      1678.647    1.6553731E-11    2.7517187E-13          0
      1680.323    1.6835793E-11    2.7763328E-13          0
      1682.000    1.6487943E-11    2.7235638E-13          0
      1683.676    1.6024869E-11    2.6583355E-13          0
      1685.353    1.5773560E-11    2.6160939E-13          0
      1687.029    1.5402613E-11    2.5520151E-13          0
      1688.705    1.5201323E-11    2.5251275E-13          0
      1690.382    1.4526637E-11    2.4407977E-13          0
      1692.058    1.3872532E-11    2.3655324E-13          0
      1693.735    1.3745592E-11    2.3342772E-13          0
      1695.411    1.4104728E-11    2.3530293E-13          0
      1697.087    1.5239778E-11    2.4659609E-13          0
      1698.764    1.5207354E-11    2.4525710E-13          0
      1700.440    1.4504780E-11    2.3577329E-13          0
      1702.117    1.3796398E-11    2.2713957E-13          0
      1703.793    1.3854298E-11    2.2598157E-13          0
      1705.469    1.3722244E-11    2.2394672E-13          0
      1707.146    1.2768992E-11    2.1349245E-13          0
      1708.822    1.2330397E-11    2.0754476E-13          0
      1710.499    1.2132692E-11    2.0450178E-13          0
      1712.175    1.1942457E-11    2.0198802E-13          0
      1713.851    1.1559708E-11    1.9679103E-13          0
      1715.528    1.0570085E-11    1.8691799E-13          0
      1717.204    1.0026601E-11    1.8114199E-13          0
      1718.881    9.9134997E-12    1.7957181E-13          0
      1720.557    1.0201604E-11    1.8081675E-13          0
      1722.233    1.0588745E-11    1.8294287E-13          0
      1723.910    1.2051970E-11    1.9326523E-13          0
      1725.586    1.3146764E-11    2.0302708E-13          0
      1727.263    1.3725692E-11    2.0753448E-13          0
      1728.939    1.3724388E-11    2.0618948E-13          0
      1730.615    1.3233660E-11    1.9996147E-13          0
      1732.292    1.3255680E-11    1.9813331E-13          0
      1733.968    1.3929600E-11    2.0420240E-13          0
      1735.645    1.4215241E-11    2.0675683E-13          0
      1737.321    1.3389873E-11    1.9619415E-13          0
      1738.997    1.2575798E-11    1.8702314E-13          0
      1740.674    1.1985978E-11    1.7983731E-13          0
      1742.350    1.1778129E-11    1.7714056E-13          0
      1744.027    1.1545127E-11    1.7420444E-13          0
      1745.703    1.1403545E-11    1.7126383E-13          0
      1747.379    1.1266733E-11    1.6922730E-13          0
      1749.056    1.1922752E-11    1.7372788E-13          0
      1750.732    1.2566600E-11    1.7914182E-13          0
      1752.409    1.3483182E-11    1.8734457E-13          0
      1754.085    1.4709086E-11    2.0062516E-13          0
      1755.761    1.4796369E-11    2.0055951E-13          0
      1757.438    1.5140882E-11    2.0661646E-13          0
      1759.114    1.4998941E-11    2.0640908E-13          0
      1760.791    1.4565103E-11    1.9829372E-13          0
      1762.467    1.4465203E-11    1.9594175E-13          0
      1764.143    1.4358736E-11    1.9406440E-13          0
      1765.820    1.4035125E-11    1.8831171E-13          0
      1767.496    1.3075149E-11    1.7432834E-13          0
      1769.173    1.1265129E-11    1.5438245E-13          0
      1770.849    1.0764214E-11    1.4950320E-13          0
      1772.525    1.1024877E-11    1.5090744E-13          0
      1774.202    1.1511092E-11    1.5418878E-13          0
      1775.878    1.2027187E-11    1.5806929E-13          0
      1777.555    1.2889573E-11    1.6690828E-13          0
      1779.231    1.4056674E-11    1.8238479E-13          0
      1780.907    1.4349988E-11    1.8698640E-13          0
      1782.584    1.4247258E-11    1.8326577E-13          0
      1784.260    1.4148752E-11    1.8268643E-13      -4096
      1785.937    1.3721834E-11    1.8249151E-13      -4096
      1787.613    1.2835024E-11    1.8257607E-13      -4096
      1789.289    1.2338731E-11    1.9162607E-13      -4096
      1790.966    1.2626945E-11    2.0489994E-13      -4096
      1792.642    1.3664088E-11    2.1720650E-13      -4096
      1794.319    1.4386280E-11    2.1626329E-13      -4096
      1795.995    1.5365013E-11    2.1871246E-13      -4096
      1797.671    1.5702497E-11    2.1196106E-13          0
      1799.348    1.5463715E-11    2.0902762E-13          0
      1801.024    1.5192464E-11    2.0051144E-13          0
      1802.701    1.4540514E-11    1.8884266E-13          0
      1804.377    1.3783591E-11    1.7691018E-13          0
      1806.053    1.3299205E-11    1.6882845E-13          0
      1807.730    1.3253756E-11    1.6732759E-13          0
      1809.406    1.2690913E-11    1.5950766E-13          0
      1811.083    1.2476553E-11    1.5671846E-13          0
      1812.759    1.2430276E-11    1.5356463E-13          0
      1814.435    1.2501688E-11    1.5287976E-13          0
      1816.112    1.2655290E-11    1.5419233E-13          0
      1817.788    1.2430051E-11    1.4926884E-13          0
      1819.465    1.2117625E-11    1.4258961E-13          0
      1821.141    1.2161829E-11    1.4326054E-13          0
      1822.817    1.2089183E-11    1.4144382E-13          0
      1824.494    1.2449759E-11    1.4899902E-13          0
      1826.170    1.2458420E-11    1.4901451E-13          0
      1827.847    1.2527770E-11    1.4758867E-13          0
      1829.523    1.2651735E-11    1.4901393E-13          0
      1831.199    1.2759894E-11    1.5326056E-13          0
      1832.876    1.2738070E-11    1.5098156E-13          0
      1834.552    1.2477977E-11    1.4482180E-13          0
      1836.229    1.1723294E-11    1.3315576E-13          0
      1837.905    1.1270608E-11    1.2518822E-13          0
      1839.581    1.0302703E-11    1.1256268E-13          0
      1841.258    9.4369373E-12    1.0407928E-13          0
      1842.934    8.4559929E-12    9.8340613E-14          0
      1844.611    7.9156195E-12    9.5784207E-14          0
      1846.287    7.3895343E-12    9.4240330E-14          0
      1847.963    6.3929062E-12    9.1938555E-14          0
      1849.640    5.8249807E-12    9.0957745E-14          0
      1851.316    6.3012087E-12    9.1088500E-14          0
      1852.993    7.9537063E-12    9.3149596E-14          0
      1854.669    9.1534193E-12    9.8743970E-14          0
      1856.345    9.1535442E-12    9.8076353E-14          0
      1858.022    8.5065210E-12    9.4399172E-14          0
      1859.698    8.5632916E-12    9.4433501E-14          0
      1861.375    9.7351077E-12    1.0079756E-13          0
      1863.051    1.0420323E-11    1.0560455E-13          0
      1864.727    1.0855461E-11    1.1130001E-13          0
      1866.404    1.0623073E-11    1.0867221E-13          0
      1868.080    1.0454518E-11    1.0593838E-13          0
      1869.757    1.0517792E-11    1.0625526E-13          0
      1871.433    1.0977737E-11    1.1362967E-13          0
      1873.109    1.1699805E-11    1.2079362E-13          0
      1874.786    1.1494779E-11    1.1648844E-13          0
      1876.462    1.0560566E-11    1.0436212E-13          0
      1878.139    9.6010812E-12    9.6047844E-14          0
      1879.815    8.5307204E-12    9.1151289E-14          0
      1881.491    7.5334027E-12    8.9356921E-14          0
      1883.168    6.8208143E-12    8.9010410E-14          0
      1884.844    6.4907862E-12    8.8858561E-14          0
      1886.521    6.3204125E-12    8.8409091E-14          0
      1888.197    6.0363958E-12    8.8123167E-14          0
      1889.873    5.6232501E-12    8.7707389E-14          0
      1891.550    5.4447111E-12    8.7377642E-14          0
      1893.226    5.8668717E-12    8.8568462E-14          0
      1894.903    6.8629941E-12    8.9978731E-14          0
      1896.579    7.8636438E-12    9.0716903E-14          0
      1898.255    8.4074605E-12    9.2370244E-14          0
      1899.932    8.1293314E-12    9.2245127E-14          0
      1901.608    7.7442722E-12    9.1526457E-14          0
      1903.285    7.5529999E-12    9.1013690E-14          0
      1904.961    7.5871583E-12    9.1445142E-14          0
      1906.637    7.6238790E-12    9.1350850E-14          0
      1908.314    7.3016038E-12    9.1196609E-14          0
      1909.990    6.8333676E-12    9.0728382E-14          0
      1911.667    6.7531319E-12    9.0416363E-14          0
      1913.343    6.8176068E-12    9.0513602E-14          0
      1915.019    6.9367411E-12    9.0831287E-14      -4096
      1916.696    6.7385307E-12    9.2840551E-14      -4096
      1918.372    6.3225592E-12    9.5155532E-14      -4096
      1920.049    5.9848810E-12    9.1174254E-14      -4096
      1921.725    5.7678627E-12    9.7147205E-14      -4096
      1923.401    5.3438408E-12    9.5034589E-14      -4096
      1925.078    5.3783033E-12    9.5499394E-14      -4096
      1926.754    5.7356602E-12    9.2589930E-14      -4096
      1928.431    6.1128502E-12    8.9816711E-14      -4096
      1930.107    6.5687191E-12    9.0703087E-14        -32
      1931.783    7.2853494E-12    9.2348431E-14          0
      1933.460    7.9434124E-12    9.4984391E-14          0
      1935.136    7.9450621E-12    9.5186066E-14          0
      1936.813    7.5445622E-12    9.4030544E-14          0
      1938.489    6.9520314E-12    9.1447446E-14          0
      1940.165    6.8713889E-12    9.1060494E-14          0
      1941.842    7.1872087E-12    9.2224947E-14          0
      1943.518    7.3485896E-12    9.2857708E-14          0
      1945.195    7.2756445E-12    9.2519789E-14          0
      1946.871    6.9360134E-12    9.1318724E-14          0
      1948.547    6.4624335E-12    8.9239651E-14          0
      1950.224    5.8885483E-12    8.5878143E-14          0
      1951.900    5.4307110E-12    8.3036334E-14          0
      1953.577    5.1316477E-12    8.0298378E-14          0
      1955.253    5.1219103E-12    8.0262619E-14          0
      1956.929    5.0721168E-12    7.9897887E-14          0
      1958.606    5.1462510E-12    8.0652438E-14          0
      1960.282    5.2416756E-12    8.1433416E-14          0
      1961.959    5.4462415E-12    8.2629263E-14          0
      1963.635    5.8282138E-12    8.4798867E-14          0
      1965.311    6.5659032E-12    8.9273037E-14          0
      1966.988    7.4214445E-12    9.4175400E-14          0
      1968.664    8.1067037E-12    9.8333796E-14          0
      1970.341    8.4051629E-12    9.9849199E-14          0
      1972.017    8.4248459E-12    1.0038236E-13          0
      1973.693    8.2179541E-12    1.0036386E-13          0
      1975.370    7.8174767E-12    9.8991202E-14          0
      1977.046    7.4710151E-12    9.8060665E-14          0
      1978.723    6.9092249E-12    9.4692558E-14          0     
      1979.559    5.7418631E-12    4.0909230E-13          0
      1982.229    5.9527201E-12    4.0989033E-13          0
      1984.898    4.6139221E-12    3.7862806E-13          0
      1987.567    5.1422859E-12    3.8720649E-13          0
      1990.237    4.5925616E-12    3.7682382E-13          0
      1992.906    3.8251325E-12    3.5482403E-13          0
      1995.575    4.1135771E-12    3.5868178E-13          0
      1998.245    3.4496507E-12    3.3255893E-13          0
      2000.914    4.9394018E-12    3.5944590E-13          0
      2003.583    3.8556628E-12    3.4084205E-13          0
      2006.252    5.0982252E-12    3.6784763E-13          0
      2008.922    5.1438636E-12    3.6069403E-13          0
      2011.591    4.7905946E-12    4.8026112E-13          0
      2014.260    5.2520011E-12    3.5593685E-13          0
      2016.930    5.8318810E-12    3.6176083E-13          0
      2019.599    6.4313242E-12    3.8535630E-13          0
      2022.268    6.3740406E-12    3.8588181E-13          0
      2024.938    5.7679339E-12    3.6888114E-13          0
      2027.607    4.9542709E-12    3.4107190E-13          0
      2030.276    4.7490427E-12    3.3964799E-13          0
      2032.945    6.1173623E-12    3.7346038E-13          0
      2035.615    5.3170125E-12    3.5181358E-13          0
      2038.284    3.7007493E-12    3.0832222E-13          0
      2040.953    4.0660830E-12    3.1792995E-13          0
      2043.623    4.1802603E-12    3.3023746E-13          0
      2046.292    4.4428389E-12    3.3813769E-13      -4096
      2048.961    4.3982773E-12    3.4966770E-13      -4096
      2051.630    2.9468242E-12    3.2597078E-13      -4096
      2054.300    4.1491814E-12    3.5195387E-13      -4096
      2056.969    4.1358375E-12    3.3028937E-13      -4096
      2059.638    3.9370633E-12    3.3019906E-13          0
      2062.308    3.4821356E-12    3.1753571E-13          0
      2064.977    3.8282528E-12    3.2040584E-13          0
      2067.646    3.7447953E-12    3.1648715E-13          0
      2070.316    3.9997229E-12    3.2381630E-13          0
      2072.985    5.2579802E-12    3.6210911E-13          0
      2075.654    5.2302745E-12    3.5827415E-13          0
      2078.323    5.1065020E-12    3.5854482E-13          0
      2080.993    4.6210201E-12    3.4972822E-13          0
      2083.662    4.5295508E-12    3.3296909E-13          0
      2086.331    4.4148838E-12    3.7292267E-13          0
      2089.001    4.3719412E-12    3.4254801E-13          0
      2091.670    4.2749988E-12    3.4335008E-13          0
      2094.339    2.8989276E-12    2.9471965E-13          0
      2097.009    3.2407440E-12    3.0470770E-13          0
      2099.678    3.3864994E-12    3.1490937E-13          0
      2102.347    2.2628737E-12    2.9007639E-13          0
      2105.017    2.8272378E-12    2.9753844E-13          0
      2107.686    3.8662112E-12    3.3105517E-13          0
      2110.355    3.4515745E-12    3.1631490E-13          0
      2113.024    4.1286119E-12    3.4372377E-13          0
      2115.694    3.2223449E-12    3.1603417E-13          0
      2118.363    3.2414149E-12    3.0776504E-13          0
      2121.032    3.2466636E-12    3.1993497E-13          0
      2123.702    4.1962679E-12    3.3514654E-13          0
      2126.371    4.1069830E-12    3.4883920E-13          0
      2129.040    3.9523771E-12    3.2406020E-13          0
      2131.709    4.5424827E-12    3.6139445E-13          0
      2134.379    4.1289103E-12    3.3807633E-13          0
      2137.048    3.4228215E-12    3.2076672E-13          0
      2139.717    3.4069063E-12    4.0930955E-13          0
      2142.387    3.1844989E-12    3.7720163E-13          0
      2145.056    3.6583809E-12    3.3011414E-13          0
      2147.725    2.6550595E-12    3.0619802E-13          0
      2150.395    2.8361616E-12    3.1280257E-13          0
      2153.064    3.2245844E-12    3.3120943E-13          0
      2155.733    3.2754537E-12    3.3552918E-13          0
      2158.403    3.1657177E-12    3.2501893E-13          0
      2161.072    4.0902659E-12    3.4976240E-13          0
      2163.741    2.9528708E-12    3.2897656E-13          0
      2166.410    3.2797315E-12    3.3773147E-13          0
      2169.080    3.1732501E-12    3.3431461E-13          0
      2171.749    4.1648031E-12    3.5647223E-13          0
      2174.418    3.6095608E-12    3.5808712E-13          0
      2177.088    3.3389277E-12    3.5372020E-13          0
      2179.757    3.9584070E-12    3.5004077E-13          0
      2182.426    3.9212565E-12    3.9256836E-13          0
      2185.095    3.6529031E-12    3.6980445E-13          0
      2187.765    3.6072464E-12    3.3153179E-13      -3392
      2190.434    3.5333886E-12    3.6556080E-13      -3392
      2193.104    3.9054936E-12    4.0920940E-13      -2112
      2195.773    2.7030377E-12    3.3985724E-13      -2048
      2198.442    3.4447167E-12    3.3556746E-13          0
      2201.111    4.1065710E-12    3.5254267E-13          0
      2203.781    3.8395975E-12    3.5277708E-13          0
      2206.450    3.4989921E-12    3.4527692E-13          0
      2209.119    3.6125298E-12    3.5154028E-13          0
      2211.789    3.5610323E-12    3.5323255E-13          0
      2214.458    3.5672322E-12    3.6323085E-13          0
      2217.127    3.5779489E-12    3.6593328E-13          0
      2219.796    3.0632647E-12    3.5130836E-13          0
      2222.466    3.3645810E-12    4.0733470E-13          0
      2225.135    3.7509002E-12    3.6423677E-13          0
      2227.804    4.1829608E-12    4.1086077E-13          0
      2230.474    3.6502906E-12    3.5852593E-13          0
      2233.143    3.2118863E-12    3.4260686E-13          0
      2235.812    3.4292259E-12    3.4115964E-13          0
      2238.481    4.0643769E-12    3.6381212E-13          0
      2241.151    3.9308179E-12    3.5374004E-13          0
      2243.820    3.8091986E-12    3.3929649E-13          0
      2246.489    3.6344538E-12    3.3483676E-13          0
      2249.159    4.4182401E-12    3.5583198E-13          0
      2251.828    3.8574391E-12    3.5235999E-13          0
      2254.497    4.4067098E-12    3.5955481E-13          0
      2257.167    4.1724805E-12    3.5060811E-13          0
      2259.836    3.7650156E-12    3.4557277E-13          0
      2262.505    3.8750322E-12    3.4569946E-13          0
      2265.175    4.2738309E-12    3.4548173E-13          0
      2267.844    4.7770238E-12    3.5155228E-13          0
      2270.513    5.0784841E-12    3.5630396E-13          0
      2273.182    4.9669800E-12    3.6238273E-13          0
      2275.852    5.1127197E-12    3.6409168E-13          0
      2278.521    5.5310851E-12    3.7928823E-13          0
      2281.190    5.6046071E-12    3.8423819E-13          0
      2283.860    4.7783578E-12    3.2964048E-13          0
      2286.529    5.5738920E-12    3.4808370E-13          0
      2289.198    5.3388344E-12    3.6031063E-13          0
      2291.867    5.3612579E-12    5.9316441E-13          0
      2294.537    4.8274479E-12    4.3964176E-13          0
      2297.206    5.4291107E-12    3.5844499E-13          0
      2299.875    4.7121751E-12    3.3291799E-13          0
      2302.545    5.6403797E-12    3.5321461E-13          0
      2305.214    6.0534208E-12    3.6989574E-13          0
      2307.883    5.9448310E-12    3.5568711E-13          0
      2310.553    5.8194638E-12    3.5413190E-13          0
      2313.222    7.1143182E-12    3.9336866E-13          0
      2315.891    5.6888877E-12    3.5131230E-13          0
      2318.561    5.6043694E-12    3.4492263E-13          0
      2321.230    7.0578508E-12    3.8278899E-13          0
      2323.899    5.4726978E-12    3.3614612E-13          0
      2326.568    5.7393196E-12    3.3518945E-13          0
      2329.238    5.8193693E-12    3.3393264E-13          0
      2331.907    6.2082587E-12    3.4955236E-13          0
      2334.576    5.8347099E-12    3.2545768E-13          0
      2337.246    5.7091207E-12    3.2293162E-13          0
      2339.915    6.3607179E-12    3.3934579E-13          0
      2342.584    5.7480839E-12    3.2201756E-13          0
      2345.253    5.9551040E-12    3.2390993E-13          0
      2347.923    6.3074849E-12    3.4287726E-13          0
      2350.592    6.1533543E-12    3.2961627E-13          0
      2353.261    6.6741326E-12    3.4197772E-13          0
      2355.931    7.2372316E-12    3.6014345E-13          0
      2358.600    7.6204520E-12    3.6970196E-13          0
      2361.269    7.0108559E-12    3.4865410E-13          0
      2363.938    7.3794052E-12    3.6693681E-13          0
      2366.608    8.0494379E-12    3.8289803E-13          0
      2369.277    7.8903446E-12    3.8363797E-13          0
      2371.947    8.0548250E-12    5.3014835E-13          0
      2374.616    7.8343035E-12    3.7614619E-13          0
      2377.285    6.9583319E-12    3.4447645E-13          0
      2379.954    7.5862025E-12    3.7177208E-13          0
      2382.624    7.8705757E-12    3.8220122E-13          0
      2385.293    8.1710862E-12    3.8588243E-13          0
      2387.962    8.1198650E-12    3.8552478E-13          0
      2390.632    8.3814162E-12    3.8897054E-13          0
      2393.301    8.4953529E-12    3.8977697E-13          0
      2395.970    7.9712270E-12    3.6826648E-13          0
      2398.640    8.8967644E-12    4.0146117E-13          0
      2401.309    8.6481525E-12    3.9649929E-13          0
      2403.978    9.1148573E-12    4.0692252E-13          0
      2406.647    8.9993386E-12    4.0208261E-13          0
      2409.317    8.5350026E-12    3.8732318E-13          0
      2411.986    8.6139516E-12    3.8906056E-13          0
      2414.655    9.0627107E-12    4.0749194E-13          0
      2417.325    9.3577993E-12    4.1635665E-13          0
      2419.994    9.4233831E-12    4.1876385E-13          0
      2422.663    9.2650141E-12    4.0699971E-13          0
      2425.333    9.9753530E-12    4.3023387E-13          0
      2428.002    1.0487149E-11    4.4471290E-13          0
      2430.671    1.0403777E-11    4.4845532E-13      -1280
      2433.340    1.0563077E-11    4.5628253E-13      -1280
      2436.010    9.6230315E-12    4.1981856E-13          0
      2438.679    1.0225451E-11    4.3743066E-13          0
      2441.348    9.4177617E-12    4.0252223E-13          0
      2444.018    8.9802471E-12    3.8744320E-13          0
      2446.687    1.0489762E-11    4.3737632E-13          0
      2449.356    9.9451263E-12    4.1775933E-13          0
      2452.025    1.0254547E-11    4.2173532E-13      -1280
      2454.695    1.1632825E-11    4.7169191E-13      -1280
      2457.364    1.0385908E-11    4.2993297E-13          0
      2460.033    1.0068902E-11    4.2019480E-13          0
      2462.703    1.1079358E-11    4.4960560E-13          0
      2465.372    1.0814720E-11    4.4167152E-13          0
      2468.041    1.0726452E-11    4.3742557E-13          0
      2470.710    1.0560254E-11    4.3062038E-13          0
      2473.380    1.0155952E-11    4.1757101E-13          0
      2476.049    1.0811745E-11    4.4112942E-13          0
      2478.719    1.0952668E-11    4.4383548E-13       -256
      2481.388    1.1220847E-11    4.5407043E-13       -256
      2484.057    1.0350606E-11    4.2020987E-13       -256
      2486.726    1.0461917E-11    4.2592541E-13       -256
      2489.396    1.1763078E-11    4.7362326E-13          0
      2492.065    1.2672988E-11    5.0783883E-13          0
      2494.734    1.2830424E-11    5.1234575E-13          0
      2497.404    1.1215297E-11    4.5592030E-13          0
      2500.073    1.2008080E-11    4.7920825E-13      -1280
      2502.742    1.1951271E-11    4.8051911E-13      -1280
      2505.412    1.2445386E-11    4.9394993E-13      -1280
      2508.081    1.2652813E-11    5.0300226E-13      -1280
      2510.750    1.1277656E-11    4.5015017E-13          0
      2513.419    1.1997260E-11    4.7615286E-13      -1280
      2516.089    1.2690555E-11    5.0190109E-13      -1280
      2518.758    1.2925861E-11    5.0983799E-13      -1280
      2521.427    1.2968038E-11    5.1060463E-13      -1280
      2524.097    1.2192772E-11    4.8052225E-13          0
      2526.766    1.1951683E-11    4.7234265E-13          0
      2529.435    1.2389480E-11    4.8783731E-13       -256
      2532.104    1.3148794E-11    5.1964216E-13       -256
      2534.774    1.2721663E-11    4.9552045E-13       -256
      2537.443    1.0893943E-11    4.3758944E-13          0
      2540.112    1.0870106E-11    4.3073891E-13          0
      2542.782    1.0548840E-11    4.2117639E-13          0
      2545.451    1.1244045E-11    4.4172668E-13       -256
      2548.120    1.3223688E-11    5.1785063E-13       -256
      2550.790    1.3083171E-11    5.0451207E-13      -1280
      2553.459    1.4247245E-11    5.4888781E-13      -1280
      2556.128    1.3283658E-11    5.2263218E-13      -1280
      2558.797    1.4014760E-11    5.4191894E-13      -1280
      2561.467    1.4195726E-11    5.4052498E-13      -1280
      2564.136    1.2222048E-11    4.7590426E-13          0
      2566.805    1.2213518E-11    4.7976678E-13       -256
      2569.475    1.3244796E-11    5.0429935E-13       -256
      2572.144    1.2673125E-11    4.8903167E-13      -5376
      2574.813    1.4122562E-11    5.6192822E-13      -5376
      2577.483    1.3177417E-11    5.8963197E-13      -5376
      2580.152    1.2392026E-11    5.5782570E-13      -5376
      2582.821    1.2789441E-11    5.5717719E-13      -5376
      2585.490    1.2398197E-11    4.9722612E-13      -5376
      2588.160    1.2766496E-11    4.8912279E-13      -1280
      2590.829    1.2975108E-11    4.9436339E-13      -1280
      2593.499    1.3831369E-11    5.2265310E-13      -1280
      2596.168    1.4116489E-11    5.3446955E-13      -1280
      2598.837    1.3609627E-11    5.1820690E-13      -1280
      2601.506    1.2932245E-11    4.9804150E-13      -1280
      2604.176    1.1954448E-11    4.6133832E-13      -1280
      2606.845    1.2728564E-11    4.8242627E-13      -1280
      2609.514    1.3571225E-11    5.1192026E-13      -1280
      2612.184    1.3827074E-11    5.2755684E-13      -1280
      2614.853    1.4835411E-11    5.5659535E-13      -1280
      2617.522    1.2122685E-11    4.6907351E-13      -1280
      2620.191    1.2888036E-11    5.0035925E-13      -1280
      2622.861    1.4387102E-11    5.4229380E-13      -1280
      2625.530    1.3091613E-11    5.0729147E-13      -1280
      2628.199    1.2907223E-11    4.9411863E-13      -1280
      2630.869    1.3909008E-11    5.3036172E-13      -1280
      2633.538    1.3735083E-11    5.2490580E-13      -1280
      2636.207    1.5148272E-11    5.7679724E-13      -1280
      2638.876    1.3542250E-11    5.1074227E-13      -1280
      2641.546    1.4123540E-11    5.3125630E-13      -1280
      2644.215    1.5636060E-11    5.8780205E-13      -1280
      2646.884    1.5033020E-11    5.6468599E-13      -1280
      2649.554    1.5599504E-11    5.8893423E-13      -1280
      2652.223    1.3988444E-11    5.2969776E-13      -1280
      2654.892    1.5650614E-11    5.8769206E-13      -1280
      2657.562    1.5981634E-11    6.0105762E-13      -1280
      2660.231    1.3949539E-11    5.2894500E-13      -1280
      2662.900    1.4509618E-11    5.4583063E-13      -1280
      2665.570    1.4114598E-11    5.3112170E-13      -1280
      2668.239    1.4644393E-11    5.4919410E-13      -1280
      2670.908    1.5497020E-11    5.8452055E-13      -1280
      2673.577    1.5530912E-11    5.7960993E-13      -1280
      2676.247    1.4223693E-11    5.5092920E-13      -1280
      2678.916    1.4570860E-11    5.4683471E-13      -1280
      2681.585    1.4199744E-11    5.3482566E-13      -1280
      2684.255    1.4159271E-11    5.3277055E-13      -1280
      2686.924    1.5687047E-11    5.9294377E-13      -1280
      2689.593    1.4560729E-11    5.5114734E-13      -1280
      2692.262    1.5020440E-11    5.7045368E-13      -1280
      2694.932    1.4431683E-11    5.5957674E-13      -1280
      2697.601    1.4757626E-11    5.6538736E-13      -1280
      2700.271    1.3342299E-11    5.0810235E-13      -1280
      2702.940    1.5557191E-11    5.8284307E-13      -1280
      2705.609    1.4708325E-11    5.5967487E-13      -1280
      2708.278    1.5085331E-11    5.6732191E-13      -1280
      2710.948    1.4419531E-11    5.4262660E-13      -1280
      2713.617    1.4620393E-11    5.5474294E-13      -1280
      2716.286    1.4575788E-11    5.4855827E-13      -1280
      2718.956    1.4851689E-11    5.5283024E-13      -1280
      2721.625    1.3745985E-11    5.1615434E-13      -1280
      2724.294    1.3386368E-11    5.0647643E-13      -1280
      2726.963    1.4217436E-11    5.3046939E-13      -1280
      2729.633    1.4229428E-11    5.3160297E-13      -1280
      2732.302    1.3462397E-11    5.0721612E-13      -1280
      2734.971    1.4166157E-11    5.2849798E-13      -1280
      2737.641    1.3801512E-11    5.1521547E-13      -1280
      2740.310    1.3646407E-11    5.1097126E-13      -1280
      2742.979    1.3587485E-11    5.0650689E-13      -1280
      2745.648    1.4129799E-11    5.3076489E-13      -1280
      2748.318    1.4268364E-11    5.3841849E-13      -1280
      2750.987    1.4399321E-11    5.3847031E-13      -1280
      2753.656    1.4396519E-11    5.3963285E-13      -1280
      2756.326    1.5258888E-11    5.7686695E-13      -1280
      2758.995    1.4772171E-11    5.5368346E-13      -1280
      2761.664    1.4953514E-11    5.6187699E-13      -1280
      2764.333    1.5501381E-11    5.7783932E-13      -1280
      2767.003    1.5154268E-11    5.6825893E-13      -1280
      2769.672    1.5207993E-11    5.7214189E-13      -1280
      2772.342    1.5181457E-11    5.7021125E-13      -1280
      2775.011    1.4947873E-11    5.5970419E-13      -1280
      2777.680    1.4068649E-11    5.3809816E-13      -5376
      2780.349    1.4642752E-11    5.9540632E-13      -5376
      2783.019    1.4609659E-11    5.9580775E-13      -5376
      2785.688    1.5901785E-11    6.6777351E-13      -5376
      2788.357    1.2558893E-11    5.1474883E-13      -5376
      2791.027    1.4471258E-11    5.4466528E-13      -1280
      2793.696    1.4639361E-11    5.5996988E-13      -1280
      2796.365    1.3433282E-11    5.1574451E-13      -1280
      2799.034    1.2531697E-11    4.7908482E-13      -1280
      2801.704    1.2503443E-11    4.8408575E-13      -1280
      2804.373    1.4416962E-11    5.4024564E-13      -1280
      2807.042    1.4425303E-11    5.4222647E-13      -1280
      2809.712    1.4508689E-11    5.4010903E-13      -1280
      2812.381    1.4325150E-11    5.3501013E-13      -1280
      2815.050    1.4475481E-11    5.3651143E-13      -1280
      2817.720    1.4037438E-11    5.2643615E-13      -1280
      2820.389    1.4624968E-11    5.4589428E-13      -1280
      2823.058    1.4690429E-11    5.4590588E-13      -1312
      2825.728    1.5326027E-11    5.7937867E-13      -1312
      2828.397    1.4756677E-11    5.6273513E-13      -1312
      2831.066    1.4695021E-11    5.5027348E-13      -1280
      2833.735    1.4829358E-11    5.4804506E-13      -1280
      2836.405    1.4643457E-11    5.4235083E-13      -1280
      2839.074    1.4580212E-11    5.4153882E-13      -1280
      2841.743    1.4153266E-11    5.2925416E-13      -1280
      2844.413    1.4999352E-11    5.5889722E-13      -1280
      2847.082    1.5059749E-11    5.5884811E-13      -1280
      2849.751    1.3628152E-11    5.0956434E-13      -1280
      2852.420    1.3718427E-11    5.1547969E-13      -1280
      2855.090    1.4294696E-11    5.3711560E-13      -1280
      2857.759    1.5006779E-11    5.6430262E-13      -1280
      2860.428    1.5734884E-11    5.7925171E-13      -1280
      2863.098    1.5369067E-11    5.6811690E-13      -1280
      2865.767    1.4682597E-11    5.4052216E-13      -1280
      2868.436    1.5451328E-11    5.6962383E-13      -1280
      2871.105    1.4723273E-11    5.4459209E-13      -1280
      2873.775    1.4536026E-11    5.4442431E-13      -1280
      2876.444    1.4910396E-11    5.4923096E-13      -1280
      2879.114    1.4593148E-11    5.4304635E-13      -1280
      2881.783    1.5638145E-11    5.7504598E-13      -1280
      2884.452    1.5317641E-11    5.7384148E-13      -1280
      2887.122    1.6651895E-11    6.1634899E-13      -1280
      2889.791    1.6086224E-11    6.0102395E-13      -1280
      2892.460    1.5586305E-11    5.7173396E-13      -1280
      2895.129    1.4414801E-11    5.3579819E-13      -1280
      2897.799    1.4054059E-11    5.2427339E-13      -1280
      2900.468    1.5095746E-11    5.5913602E-13      -1280
      2903.137    1.5605467E-11    5.8111317E-13      -1280
      2905.807    1.5282728E-11    5.8295957E-13      -1280
      2908.476    1.6392129E-11    6.0382065E-13      -1280
      2911.145    1.7748388E-11    6.5057400E-13      -1280
      2913.814    1.7152533E-11    6.2529376E-13      -1280
      2916.484    1.6930920E-11    6.1967852E-13      -1280
      2919.153    1.6652259E-11    6.1230188E-13      -1280
      2921.822    1.6323158E-11    5.9739881E-13      -1280
      2924.492    1.7034067E-11    6.2461391E-13      -1280
      2927.161    1.7210875E-11    6.2739917E-13      -1280
      2929.830    1.7079844E-11    6.1753196E-13      -1280
      2932.500    1.7027737E-11    6.2306703E-13      -1280
      2935.169    1.7195764E-11    6.3080861E-13      -1280
      2937.838    1.6040579E-11    5.8198124E-13      -1280
      2940.507    1.6024956E-11    5.8910716E-13      -1280
      2943.177    1.8004967E-11    6.5939409E-13      -1280
      2945.846    1.6167881E-11    5.9647025E-13      -1280
      2948.515    1.6701921E-11    6.0977254E-13      -1280
      2951.185    1.8225546E-11    6.6125285E-13      -1280
      2953.854    1.5885755E-11    5.7523647E-13      -1280
      2956.523    1.5404936E-11    5.6775358E-13      -1280
      2959.192    1.8057642E-11    6.5577551E-13       -256
      2961.862    1.8324613E-11    6.6486405E-13      -1280
      2964.531    1.6552844E-11    6.0631567E-13      -1280
      2967.200    1.6772781E-11    6.1624208E-13      -1280
      2969.870    1.6415255E-11    6.0347793E-13      -1280
      2972.539    1.7791445E-11    6.4125718E-13      -1280
      2975.208    1.8032782E-11    6.5745413E-13      -1280
      2977.877    1.7371894E-11    6.2807539E-13      -1280
      2980.547    1.7159309E-11    6.2540966E-13      -1280
      2983.216    1.6152826E-11    5.9929524E-13      -1280
      2985.885    1.8341075E-11    6.6214390E-13      -1280
      2988.555    1.8862781E-11    6.8227872E-13       -256
      2991.224    1.8546765E-11    6.6611354E-13      -1280
      2993.894    1.6679972E-11    6.1632047E-13      -1280
      2996.563    1.7484543E-11    6.4272275E-13      -1280
      2999.232    1.8862785E-11    6.8396780E-13      -1280
      3001.901    1.5847084E-11    5.9162229E-13       -256
      3004.571    1.6083915E-11    5.8966682E-13       -256
      3007.240    1.5237469E-11    5.6336370E-13      -1280
      3009.909    1.7409274E-11    6.3740332E-13      -1280
      3012.579    1.6320407E-11    6.0192362E-13       -256
      3015.248    1.6462011E-11    6.1188007E-13       -256
      3017.917    1.6515815E-11    6.0673992E-13          0
      3020.586    1.6703149E-11    6.1460559E-13      -1280
      3023.256    1.7925481E-11    6.5083458E-13      -1280
      3025.925    1.9253016E-11    6.9421948E-13      -1280
      3028.594    1.7900023E-11    6.5743564E-13      -1280
      3031.264    1.8210900E-11    6.6949880E-13       -256
      3033.933    1.9815885E-11    7.1688613E-13       -256
      3036.602    1.8392031E-11    6.7074059E-13       -256
      3039.271    1.6458524E-11    6.1624620E-13       -256
      3041.941    1.6637686E-11    6.2164087E-13          0
      3044.610    1.7085656E-11    6.5532741E-13          0
      3047.279    1.6998035E-11    6.4936451E-13          0
      3049.949    1.7100260E-11    6.4964923E-13      -1280
      3052.618    1.7835606E-11    6.7697134E-13      -1280
      3055.287    1.8578278E-11    7.0747818E-13          0
      3057.957    1.6404879E-11    6.4453835E-13          0
      3060.626    1.6360358E-11    6.5066111E-13          0
      3063.295    1.7345601E-11    6.7779652E-13          0
      3065.964    1.7232740E-11    6.6963069E-13          0
      3068.634    1.6402579E-11    6.4901573E-13          0
      3071.303    1.7569035E-11    6.9220812E-13          0
      3073.972    1.6654962E-11    6.6982346E-13          0
      3076.642    1.6408638E-11    6.5848168E-13          0
      3079.311    1.6422384E-11    6.6177684E-13          0
      3081.980    1.6149979E-11    6.5968091E-13          0
      3084.650    1.6086221E-11    6.7295567E-13          0
      3087.319    1.5046566E-11    6.3189292E-13          0
      3089.988    1.5993500E-11    6.6477005E-13          0
      3092.657    1.5165907E-11    6.3796451E-13          0
      3095.327    1.5187983E-11    6.4934462E-13          0
      3097.996    1.5186775E-11    6.5201333E-13          0
      3100.666    1.5257486E-11    6.4312591E-13          0
      3103.335    1.5184094E-11    6.4545705E-13          0
      3106.004    1.6542764E-11    6.8872284E-13          0
      3108.673    1.6382047E-11    6.9145931E-13          0
      3111.343    1.6165727E-11    6.8636898E-13          0
      3114.012    1.8527662E-11    7.7378501E-13          0
      3116.681    1.6994664E-11    7.2748177E-13          0
      3119.351    1.5712650E-11    6.6679534E-13          0
      3122.020    1.7759407E-11    7.4343689E-13          0
      3124.689    1.7703715E-11    7.4400463E-13          0
      3127.358    1.7237033E-11    7.3237846E-13          0
      3130.028    1.7012799E-11    7.3077498E-13          0
      3132.697    1.7252984E-11    7.4227348E-13          0
      3135.366    1.6155072E-11    6.9371207E-13          0
      3138.036    1.7156098E-11    7.3846517E-13          0
      3140.705    1.7217391E-11    7.3121029E-13          0
      3143.374    1.7705953E-11    7.4834339E-13          0
      3146.043    1.8081592E-11    7.6001683E-13          0
      3148.713    1.6959064E-11    7.2209719E-13          0
      3151.382    1.5681199E-11    6.8529893E-13          0
      3154.051    1.5740192E-11    6.7726423E-13          0
      3156.721    1.5312283E-11    6.6725445E-13          0
      3159.390    1.5229842E-11    6.5091140E-13          0
      3162.059    1.5150433E-11    6.5341965E-13          0
      3164.729    1.4491568E-11    6.3445755E-13          0
      3167.398    1.4695599E-11    6.3458868E-13          0
      3170.067    1.5013348E-11    6.5262758E-13          0
      3172.737    1.6423314E-11    7.0453046E-13          0
      3175.406    1.7022994E-11    7.2991868E-13          0
      3178.075    1.6756950E-11    7.2611470E-13          0
      3180.744    1.6245482E-11    7.0854737E-13          0
      3183.414    1.4650397E-11    6.4170847E-13          0
      3186.083    1.4654144E-11    6.4518356E-13          0
      3188.752    1.5711597E-11    6.8178140E-13          0
      3191.422    1.5798553E-11    6.8718994E-13          0
      3194.091    1.5369619E-11    6.8051473E-13          0
      3196.760    1.5041655E-11    6.7444395E-13          0
      3199.430    1.4319882E-11    6.2899404E-13          0
      3202.099    1.4743080E-11    6.5634081E-13          0
      3204.768    1.5612562E-11    7.0348122E-13          0
      3207.438    1.4765130E-11    6.8838636E-13          0
      3210.107    1.8202519E-11    8.1528919E-13          0
      3212.776    1.8628639E-11    8.4339268E-13          0
      3215.445    1.7756243E-11    8.2305685E-13          0
      3218.115    1.4045864E-11    6.6212492E-13          0
      3220.784    1.4645033E-11    6.8442387E-13          0
      3223.453    1.7119028E-11    7.8311283E-13          0
      3226.123    1.7537694E-11    7.9634514E-13          0
      3228.792    1.5783420E-11    7.5916628E-13          0
      3231.461    1.5060581E-11    7.4878721E-13          0
      3234.130    1.5532273E-11    8.0628641E-13          0
      3236.800    1.6827159E-11    8.5359720E-13          0
      3239.469    1.8964615E-11    9.3296497E-13          0
      3242.138    1.9559888E-11    9.7413223E-13          0
      3244.808    1.8536072E-11    1.0770761E-12          0
      3247.477    1.8624371E-11    1.0445191E-12          0
      3250.146    1.7082037E-11    9.1693179E-13          0
      3252.815    1.5611455E-11    8.9820425E-13          0
      3255.485    1.6206928E-11    9.4078933E-13          0
      3258.154    1.7516183E-11    1.0307832E-12          0
      3260.823    1.7284020E-11    1.0558059E-12          0
      3263.493    1.8353699E-11    1.1725102E-12          0
      3266.162    2.1252083E-11    1.2468901E-12          0
      3268.831    1.7168671E-11    1.0349944E-12          0
      3271.500    1.6159130E-11    1.0611038E-12          0
      3274.170    2.2540863E-11    1.4885068E-12          0
      3276.839    2.0654310E-11    1.8811814E-12          0
      3279.509    1.7247094E-11    1.2991803E-12          0
      3282.178    1.7906857E-11    1.7717249E-12          0
      3284.847    1.3958535E-11    1.0228534E-12          0
      3287.517    1.3632171E-11    1.2636822E-12          0
      3290.186    1.3611071E-11    2.0381338E-12          0
      3292.855    1.7326812E-11    1.3499734E-12          0
      3295.524    1.7924490E-11    1.3964310E-12          0
      3298.194    1.8834777E-11    1.4845765E-12          0
      3300.863    1.7068116E-11    1.5621108E-12          0
      3303.532    2.3335379E-11    2.2623884E-12      -4096
      3306.202    2.2949486E-11    2.5423845E-12      -4096
      3308.871    2.3296235E-11    2.5531569E-12      -4096
      3311.540    2.4030196E-11    2.4756421E-12      -4096
      3314.209    1.9548077E-11    2.3716899E-12      -4096
      3316.879    2.0879866E-11    2.0539583E-12          0
      3319.548    1.8712145E-11    1.6946385E-12          0
      3322.217    1.8015945E-11    1.7592666E-12          0
      3324.887    1.4827353E-11    1.5199157E-12          0
      3327.556    1.8255713E-11    1.7735483E-12          0
      3330.225    2.9486281E-11    2.7085341E-12          0
      3332.895    3.0663819E-11    2.9992755E-12          0
      3335.564    2.8559863E-11    3.3179030E-12          0
      3338.233    4.2599212E-11    4.9497993E-12          0
      3340.902    4.6247589E-11    5.1229390E-12          0
      3343.572    4.0744259E-11    4.1199756E-12          0
      3346.241    4.0247850E-11    4.2192747E-12          0
      3348.910    2.0624199E-11    2.7525855E-12          0
