      1851.433    9.8897257E-10    2.1793815E-10      -4096
      1854.102    9.0899682E-10    1.6722976E-10          0
      1856.772    9.8819164E-10    1.5734934E-10          0
      1859.441    9.1064545E-10    1.4904315E-10          0
      1862.110    9.8968300E-10    1.4034104E-10          0
      1864.780    9.8977049E-10    1.3830194E-10          0
      1867.449    8.6906304E-10    1.2727552E-10          0
      1870.118    8.3278345E-10    1.0943985E-10          0
      1872.787    9.5388253E-10    1.0230184E-10          0
      1875.457    9.6295172E-10    9.6416999E-11          0
      1878.126    9.3533647E-10    9.6432140E-11          0
      1880.795    8.1979479E-10    8.9352477E-11          0
      1883.465    6.5866568E-10    7.8675039E-11          0
      1886.134    6.8005268E-10    7.3685100E-11          0
      1888.803    7.8568285E-10    7.6732946E-11          0
      1891.473    5.7490057E-10    6.9710931E-11          0
      1894.142    6.0049377E-10    6.4405432E-11          0
      1896.811    6.0583982E-10    6.1848172E-11          0
      1899.480    6.5150241E-10    5.9506323E-11          0
      1902.150    7.6834056E-10    6.0493388E-11          0
      1904.819    7.5827755E-10    6.0880294E-11          0
      1907.488    7.6752599E-10    5.9446725E-11          0
      1910.158    7.2663675E-10    5.5844909E-11          0
      1912.827    6.8246014E-10    5.5450113E-11          0
      1915.496    6.1496996E-10    5.2424239E-11          0
      1918.166    5.7061283E-10    4.7338376E-11          0
      1920.835    6.1577465E-10    4.7308095E-11          0
      1923.504    6.5796429E-10    4.7633762E-11          0
      1926.173    5.9176397E-10    4.4888218E-11          0
      1928.843    6.6623224E-10    4.5889990E-11          0
      1931.512    7.4120055E-10    4.6044515E-11          0
      1934.181    7.8980045E-10    4.5367918E-11          0
      1936.851    8.0721829E-10    4.5007487E-11          0
      1939.520    7.4321999E-10    4.4153254E-11          0
      1942.189    6.6828915E-10    4.1819572E-11          0
      1944.859    6.9256595E-10    4.0007199E-11          0
      1947.528    7.0764578E-10    3.9646144E-11          0
      1950.197    7.8757656E-10    4.1376683E-11          0
      1952.866    6.6119721E-10    3.7953377E-11          0
      1955.536    6.1704231E-10    3.6416852E-11          0
      1958.205    5.7192062E-10    3.5463368E-11          0
      1960.874    5.9952654E-10    3.5173434E-11          0
      1963.544    6.3591216E-10    3.5080286E-11          0
      1966.213    6.9756051E-10    3.5918844E-11          0
      1968.882    8.0904333E-10    3.8312069E-11          0
      1971.552    8.1242524E-10    3.7437550E-11          0
      1974.221    7.7908818E-10    3.5072254E-11          0
      1976.890    7.1904049E-10    3.3807811E-11          0
      1979.559    7.9027523E-10    3.5921870E-11          0
      1982.229    7.3908735E-10    3.4524637E-11          0
      1984.898    6.4477917E-10    3.2890989E-11          0
      1987.567    6.2396660E-10    3.2585851E-11          0
      1990.237    5.9265920E-10    3.1633484E-11          0
      1992.906    5.3279797E-10    3.0455052E-11          0
      1995.575    6.3515637E-10    3.2437185E-11          0
      1998.245    6.4880179E-10    3.2310321E-11          0
      2000.914    7.4546858E-10    3.3981356E-11          0
      2003.583    6.0855987E-10    3.0820905E-11          0
      2006.252    7.0981893E-10    3.2788598E-11          0
      2008.922    7.6969853E-10    3.3950141E-11          0
      2011.591    7.2241857E-10    3.2625819E-11          0
      2014.260    7.0244283E-10    3.0997753E-11          0
      2016.930    7.3408535E-10    3.1589932E-11          0
      2019.599    8.4376267E-10    3.5231044E-11          0
      2022.268    8.1857532E-10    3.4482920E-11          0
      2024.938    8.5947238E-10    3.5538478E-11          0
      2027.607    8.0827994E-10    3.4404229E-11          0
      2030.276    7.6369616E-10    3.2637979E-11          0
      2032.945    7.5630097E-10    3.2656638E-11          0
      2035.615    7.2753809E-10    3.1862218E-11          0
      2038.284    6.3737160E-10    2.9879505E-11          0
      2040.953    6.0629696E-10    2.8954006E-11          0
      2043.623    6.2717476E-10    2.9103097E-11          0
      2046.292    6.5818723E-10    2.9958262E-11      -4096
      2048.961    6.8265327E-10    3.1594859E-11      -4096
      2051.630    6.9606038E-10    3.3772873E-11      -4224
      2054.300    7.4004231E-10    3.4266517E-11      -4224
      2056.969    6.8862421E-10    3.1790529E-11      -4224
      2059.638    6.3678307E-10    3.0157217E-11      -4096
      2062.308    5.9503241E-10    2.8711439E-11          0
      2064.977    6.3816891E-10    2.9639884E-11          0
      2067.646    6.8500011E-10    3.0543668E-11          0
      2070.316    6.6953443E-10    3.0344005E-11          0
      2072.985    7.0019601E-10    3.1730431E-11          0
      2075.654    7.4353057E-10    3.2689157E-11          0
      2078.323    7.3527884E-10    3.2427807E-11          0
      2080.993    6.7146805E-10    3.0709449E-11          0
      2083.662    7.0030848E-10    3.1770898E-11          0
      2086.331    7.0865536E-10    3.3059378E-11          0
      2089.001    6.6113226E-10    3.1127129E-11          0
      2091.670    6.3182126E-10    3.0731764E-11          0
      2094.339    6.1531130E-10    2.9813804E-11          0
      2097.009    6.3276784E-10    3.0433440E-11          0
      2099.678    5.7677052E-10    2.9524726E-11          0
      2102.347    5.7643262E-10    2.9557651E-11          0
      2105.017    6.1399891E-10    2.9931346E-11          0
      2107.686    6.6102263E-10    3.1379902E-11          0
      2110.355    7.2459549E-10    3.3666823E-11          0
      2113.024    7.2944828E-10    3.4207127E-11          0
      2115.694    6.6541939E-10    3.2291749E-11          0
      2118.363    6.3530731E-10    3.1293960E-11          0
      2121.032    6.4850730E-10    3.1383361E-11          0
      2123.702    6.8943007E-10    3.2145751E-11          0
      2126.371    7.0900052E-10    3.2879144E-11          0
      2129.040    7.0485706E-10    3.3100474E-11          0
      2131.709    6.9908146E-10    3.2861439E-11          0
      2134.379    7.0437534E-10    3.2378950E-11          0
      2137.048    7.3228812E-10    3.3184015E-11          0
      2139.717    6.9406225E-10    3.2525923E-11          0
      2142.387    6.3901423E-10    3.1431517E-11          0
      2145.056    6.6219191E-10    3.2665714E-11          0
      2147.725    5.6242239E-10    3.0291665E-11          0
      2150.395    5.9471328E-10    3.1112578E-11          0
      2153.064    6.8166128E-10    3.4016165E-11          0
      2155.733    6.9990946E-10    3.4183191E-11          0
      2158.403    7.2105960E-10    3.3991150E-11          0
      2161.072    7.7210355E-10    3.5551288E-11          0
      2163.741    7.1453049E-10    3.4726774E-11          0
      2166.410    7.4226536E-10    3.5950048E-11          0
      2169.080    7.9982759E-10    3.7833601E-11          0
      2171.749    7.3416973E-10    3.6302298E-11          0
      2174.418    7.5330586E-10    3.6788031E-11          0
      2177.088    6.8051309E-10    3.4868011E-11          0
      2179.757    6.9106576E-10    3.4507557E-11          0
      2182.426    6.9949974E-10    3.4706807E-11          0
      2185.095    6.5464961E-10    3.3491872E-11          0
      2187.765    6.5411215E-10    3.3694526E-11      -2048
      2190.434    6.8370659E-10    3.6347550E-11      -2112
      2193.104    7.1270567E-10    3.8568954E-11      -2112
      2195.773    6.6381239E-10    3.4264914E-11      -2048
      2198.442    7.5423373E-10    3.5831640E-11          0
      2201.111    7.1547451E-10    3.5017017E-11          0
      2203.781    6.4913847E-10    3.2936751E-11          0
      2206.450    6.5675321E-10    3.3403481E-11          0
      2209.119    6.6703187E-10    3.4061903E-11          0
      2211.789    6.7544914E-10    3.4617195E-11          0
      2214.458    7.2121131E-10    3.7014947E-11          0
      2217.127    7.6973838E-10    3.8055135E-11          0
      2219.796    7.3746498E-10    3.6972030E-11          0
      2222.466    7.0483802E-10    3.6281200E-11          0
      2225.135    6.9850142E-10    3.6094155E-11          0
      2227.804    6.4410965E-10    3.4489023E-11          0
      2230.474    6.1407984E-10    3.2735217E-11          0
      2233.143    6.1920619E-10    3.2736518E-11          0
      2235.812    6.9910455E-10    3.5387721E-11          0
      2238.481    7.8247281E-10    3.9296923E-11          0
      2241.151    7.0561967E-10    3.6247168E-11          0
      2243.820    6.5525146E-10    3.3147273E-11          0
      2246.489    6.4927752E-10    3.3122855E-11          0
      2249.159    7.2857620E-10    3.5154241E-11          0
      2251.828    6.9866474E-10    3.4327648E-11          0
      2254.497    6.7665484E-10    3.3401056E-11          0
      2257.167    6.9058570E-10    3.4272082E-11          0
      2259.836    7.3660106E-10    3.6478119E-11          0
      2262.505    7.1411443E-10    3.5817051E-11          0
      2265.175    6.7273609E-10    3.4304459E-11          0
      2267.844    7.2876749E-10    3.5588026E-11          0
      2270.513    7.1965744E-10    3.4827558E-11          0
      2273.182    7.0594813E-10    3.4512098E-11          0
      2275.852    6.8977102E-10    3.3619905E-11          0
      2278.521    7.1966005E-10    3.4624026E-11          0
      2281.190    6.6709083E-10    3.2882294E-11          0
      2283.860    6.6363576E-10    3.2214051E-11          0
      2286.529    7.1748368E-10    3.3518903E-11          0
      2289.198    7.4512924E-10    3.4679450E-11          0
      2291.867    7.5610485E-10    3.5560915E-11          0
      2294.537    7.6125373E-10    3.6175788E-11          0
      2297.206    6.9490302E-10    3.3909084E-11          0
      2299.875    6.4691541E-10    3.2151247E-11          0
      2302.545    6.9203393E-10    3.3642512E-11          0
      2305.214    7.7661372E-10    3.6187428E-11          0
      2307.883    7.5715118E-10    3.5407875E-11          0
      2310.553    7.3723905E-10    3.4099244E-11          0
      2313.222    7.8290979E-10    3.5588761E-11          0
      2315.891    7.3005862E-10    3.4439649E-11          0
      2318.561    6.6997846E-10    3.1703456E-11          0
      2321.230    7.1224776E-10    3.3110719E-11          0
      2323.899    6.7644634E-10    3.2201405E-11          0
      2326.568    6.7049077E-10    3.1356716E-11          0
      2329.238    6.7794342E-10    3.1155543E-11          0
      2331.907    6.5497568E-10    3.0705875E-11          0
      2334.576    6.7892242E-10    3.1098121E-11          0
      2337.246    6.5851902E-10    3.0416506E-11          0
      2339.915    6.3693689E-10    2.9605391E-11          0
      2342.584    6.1141608E-10    2.8842503E-11          0
      2345.253    5.8955346E-10    2.7683286E-11          0
      2347.923    6.2472399E-10    2.8871969E-11          0
      2350.592    6.5191175E-10    2.9680907E-11          0
      2353.261    6.6813549E-10    3.0042281E-11          0
      2355.931    6.1960548E-10    2.8737618E-11          0
      2358.600    6.6581107E-10    3.0108520E-11          0
      2361.269    7.0905254E-10    3.1479493E-11          0
      2363.938    7.5135698E-10    3.3322550E-11          0
      2366.608    7.0064199E-10    3.1687823E-11          0
      2369.277    7.0027539E-10    3.7965305E-11          0
      2371.947    7.0812217E-10    4.4687826E-11          0
      2374.616    6.3144512E-10    2.8582912E-11          0
      2377.285    6.2520239E-10    2.8647532E-11          0
      2379.954    6.9835532E-10    3.1405260E-11          0
      2382.624    6.9880213E-10    3.1532627E-11          0
      2385.293    6.8626882E-10    3.0953778E-11          0
      2387.962    6.9478079E-10    3.1323586E-11          0
      2390.632    7.6215989E-10    3.3557292E-11          0
      2393.301    6.9747230E-10    3.1530643E-11          0
      2395.970    6.3317762E-10    2.8620160E-11          0
      2398.640    6.9612627E-10    3.0556505E-11          0
      2401.309    6.7085376E-10    2.9881108E-11          0
      2403.978    6.4836608E-10    2.9258752E-11          0
      2406.647    6.5558514E-10    2.9880830E-11          0
      2409.317    6.7520906E-10    3.0443537E-11          0
      2411.986    7.0998968E-10    3.1187549E-11          0
      2414.655    7.0763223E-10    3.1018896E-11          0
      2417.325    6.8198663E-10    3.0260457E-11          0
      2419.994    6.4441502E-10    2.9385269E-11          0
      2422.663    6.5915451E-10    2.9486261E-11          0
      2425.333    6.5090561E-10    2.8544596E-11          0
      2428.002    7.0861994E-10    3.0790773E-11          0
      2430.671    6.9097078E-10    3.0491928E-11          0
      2433.340    6.7141526E-10    2.9197571E-11          0
      2436.010    6.7485950E-10    2.9303598E-11          0
      2438.679    6.8310346E-10    2.9613430E-11          0
      2441.348    6.2263383E-10    2.7610504E-11          0
      2444.018    6.3525929E-10    2.7934002E-11          0
      2446.687    6.7027595E-10    2.8667518E-11          0
      2449.356    6.4411582E-10    2.7538529E-11          0
      2452.025    6.7752687E-10    2.8997181E-11          0
      2454.695    7.2434936E-10    3.0728978E-11          0
      2457.364    6.9842271E-10    2.9764743E-11       -128
      2460.033    6.8189970E-10    2.8888584E-11       -128
      2462.703    7.0853012E-10    2.9260674E-11       -128
      2465.372    6.5434913E-10    2.7435986E-11          0
      2468.041    6.5072309E-10    2.7289289E-11          0
      2470.710    6.5997802E-10    2.7814027E-11          0
      2473.380    6.3119804E-10    2.6870707E-11          0
      2476.049    6.6283062E-10    2.7749227E-11          0
      2478.719    6.7593964E-10    2.8148012E-11          0
      2481.388    6.5553163E-10    2.7619370E-11          0
      2484.057    6.4873068E-10    2.7367379E-11          0
      2486.726    6.7637401E-10    2.8183204E-11          0
      2489.396    7.0007322E-10    2.9425254E-11          0
      2492.065    7.2559231E-10    3.0380636E-11          0
      2494.734    7.2725742E-10    3.0269308E-11          0
      2497.404    6.8496686E-10    2.8726882E-11          0
      2500.073    6.6117678E-10    2.7454759E-11          0
      2502.742    6.5781092E-10    2.7591339E-11          0
      2505.412    6.8903488E-10    2.8817566E-11       -128
      2508.081    6.6105516E-10    2.7649419E-11       -128
      2510.750    6.6628886E-10    2.7516749E-11          0
      2513.419    7.0118150E-10    2.8910456E-11          0
      2516.089    6.6808087E-10    2.8121106E-11          0
      2518.758    6.5481159E-10    2.7391769E-11          0
      2521.427    6.7578509E-10    2.7871283E-11          0
      2524.097    6.8309869E-10    2.7946850E-11          0
      2526.766    7.0153178E-10    2.8663884E-11          0
      2529.435    7.0764578E-10    2.8858981E-11          0
      2532.104    6.5486333E-10    2.7123123E-11          0
      2534.774    6.3733074E-10    2.6540584E-11          0
      2537.443    6.4197592E-10    2.6394562E-11          0
      2540.112    5.8565697E-10    2.4353047E-11          0
      2542.782    5.6256211E-10    2.3559189E-11          0
      2545.451    5.8151711E-10    2.4273682E-11          0
      2548.120    6.2579075E-10    2.5818877E-11       -256
      2550.790    6.6546785E-10    2.7055828E-11       -256
      2553.459    6.7068112E-10    2.7507050E-11       -256
      2556.128    7.0220474E-10    2.8608923E-11          0
      2558.797    6.8623551E-10    2.7851674E-11          0
      2561.467    6.1198902E-10    2.5461293E-11          0
      2564.136    5.6079263E-10    2.3325585E-11          0
      2566.805    6.1030686E-10    2.4818593E-11          0
      2569.475    6.6561412E-10    2.6690844E-11          0
      2572.144    6.8776135E-10    2.8065297E-11      -4096
      2574.813    6.7587441E-10    2.9994559E-11      -4096
      2577.483    6.0792144E-10    3.0069825E-11      -4224
      2580.152    5.8255845E-10    2.8093229E-11      -4224
      2582.821    6.1470951E-10    2.7144502E-11      -4096
      2585.490    5.9892385E-10    2.5114253E-11      -4096
      2588.160    6.1094174E-10    2.4946810E-11          0
      2590.829    6.5620942E-10    2.6439125E-11          0
      2593.499    6.6434980E-10    2.6659158E-11          0
      2596.168    6.3579703E-10    2.5807892E-11          0
      2598.837    6.1435612E-10    2.5051334E-11          0
      2601.506    5.7351812E-10    2.3489257E-11          0
      2604.176    5.6362343E-10    2.2977665E-11      -1280
      2606.845    6.4230998E-10    2.5888885E-11      -1280
      2609.514    6.3510708E-10    2.5791274E-11      -1280
      2612.184    5.9940630E-10    2.4267003E-11          0
      2614.853    5.9306338E-10    2.4084370E-11          0
      2617.522    6.1191685E-10    2.4768135E-11          0
      2620.191    6.3768424E-10    2.5647449E-11       -256
      2622.861    6.0182170E-10    2.4439530E-11       -256
      2625.530    6.0907873E-10    2.4462979E-11      -1280
      2628.199    6.1986344E-10    2.4864338E-11      -1280
      2630.869    5.8090072E-10    2.3560501E-11          0
      2633.538    6.1188932E-10    2.5071294E-11      -1280
      2636.207    6.4990174E-10    2.6406708E-11      -1280
      2638.876    6.3535943E-10    2.5483208E-11       -256
      2641.546    6.5668287E-10    2.6295325E-11       -256
      2644.215    6.3112543E-10    2.5505572E-11          0
      2646.884    6.5722966E-10    2.6257666E-11       -256
      2649.554    6.6379102E-10    2.6333019E-11       -256
      2652.223    6.4670080E-10    2.5694957E-11          0
      2654.892    6.4363942E-10    2.5565336E-11          0
      2657.562    6.1016214E-10    2.4391508E-11          0
      2660.231    6.2255007E-10    2.4698426E-11          0
      2662.900    5.9791161E-10    2.3889496E-11          0
      2665.570    5.8676702E-10    2.3674993E-11          0
      2668.239    6.0086336E-10    2.4133182E-11       -256
      2670.908    6.0136507E-10    2.3994621E-11       -256
      2673.577    6.1200872E-10    2.4295670E-11          0
      2676.247    6.3257244E-10    2.5057302E-11       -256
      2678.916    6.1716465E-10    2.4398247E-11       -256
      2681.585    6.1230349E-10    2.4262486E-11          0
      2684.255    6.7121014E-10    2.6315190E-11          0
      2686.924    6.6939160E-10    2.6210943E-11      -1280
      2689.593    6.2364180E-10    2.4731992E-11      -1280
      2692.262    5.9729122E-10    2.4042712E-11       -256
      2694.932    5.8399746E-10    2.3819231E-11       -256
      2697.601    5.8101574E-10    2.3304948E-11          0
      2700.271    5.8510441E-10    2.3065654E-11          0
      2702.940    6.1334066E-10    2.4297836E-11          0
      2705.609    6.1387895E-10    2.4482584E-11          0
      2708.278    5.7980037E-10    2.3190469E-11      -1280
      2710.948    5.8559357E-10    2.3260258E-11      -1280
      2713.617    6.1155675E-10    2.4192801E-11          0
      2716.286    6.2590078E-10    2.4631581E-11          0
      2718.956    6.1501548E-10    2.4100945E-11          0
      2721.625    5.7990462E-10    2.3020077E-11       -256
      2724.294    5.4001031E-10    2.1869643E-11       -256
      2726.963    5.8790450E-10    2.3776247E-11       -256
      2729.633    6.6356859E-10    2.6165688E-11       -256
      2732.302    6.1676009E-10    2.4419303E-11          0
      2734.971    5.8599214E-10    2.3188070E-11          0
      2737.641    5.9765626E-10    2.3528776E-11          0
      2740.310    6.1027366E-10    2.4100498E-11       -256
      2742.979    6.0221211E-10    2.3990119E-11       -256
      2745.648    5.5619953E-10    2.2348352E-11       -256
      2748.318    5.6634725E-10    2.2750480E-11       -256
      2750.987    5.5187688E-10    2.2500918E-11       -256
      2753.656    5.5843991E-10    2.2807064E-11      -1280
      2756.326    6.2405814E-10    2.5092031E-11      -1280
      2758.995    6.4746286E-10    2.5748239E-11       -256
      2761.664    6.2264560E-10    2.4740711E-11      -1280
      2764.333    5.7141136E-10    2.2992379E-11      -1280
      2767.003    5.5929950E-10    2.2694348E-11       -256
      2769.672    5.8635030E-10    2.3762171E-11       -256
      2772.342    5.8186256E-10    2.3326613E-11          0
      2775.011    5.6201133E-10    2.2403737E-11          0
      2777.680    5.6143901E-10    2.2671117E-11      -5376
      2780.349    5.7471750E-10    2.3855194E-11      -5376
      2783.019    5.7387789E-10    2.4104000E-11      -5376
      2785.688    5.8647759E-10    2.3798746E-11      -4352
      2788.357    5.7507493E-10    2.2748801E-11      -4352
      2791.027    5.2461735E-10    2.0970401E-11          0
      2793.696    4.8750753E-10    1.9801992E-11          0
      2796.365    4.6666726E-10    1.9141466E-11          0
      2799.034    5.0820287E-10    2.0643197E-11      -1280
      2801.704    5.3320021E-10    2.1432947E-11      -1280
      2804.373    5.2772331E-10    2.1153182E-11          0
      2807.042    5.7668337E-10    2.2742599E-11      -1280
      2809.712    5.7859784E-10    2.2710842E-11      -1280
      2812.381    5.4304711E-10    2.1344412E-11          0
      2815.050    5.4778942E-10    2.1568598E-11      -1280
      2817.720    5.5248950E-10    2.1774898E-11      -1280
      2820.389    5.5458788E-10    2.1916406E-11      -1280
      2823.058    5.4422533E-10    2.1838888E-11       -256
      2825.728    5.4105137E-10    2.1982471E-11      -1280
      2828.397    5.5522964E-10    2.2273372E-11      -1280
      2831.066    5.6529598E-10    2.2344111E-11          0
      2833.735    5.7562444E-10    2.2558623E-11          0
      2836.405    5.1286642E-10    2.0522471E-11          0
      2839.074    4.7097898E-10    1.8866452E-11          0
      2841.743    4.9808241E-10    1.9640444E-11          0
      2844.413    5.5660104E-10    2.1693817E-11          0
      2847.082    5.5714716E-10    2.1860059E-11          0
      2849.751    5.0200066E-10    2.0006224E-11          0
      2852.420    4.6619897E-10    1.8633463E-11          0
      2855.090    4.7761428E-10    1.8913180E-11          0
      2857.759    5.2490368E-10    2.0608962E-11          0
      2860.428    5.2054877E-10    2.0587974E-11          0
      2863.098    4.9593391E-10    1.9714209E-11          0
      2865.767    4.8388860E-10    1.9532253E-11          0
      2868.436    4.8359045E-10    1.9775542E-11          0
      2871.105    4.9625049E-10    2.0022487E-11          0
      2873.775    5.1604671E-10    2.0441201E-11          0
      2876.444    5.0938748E-10    2.0328796E-11          0
      2879.114    4.9125015E-10    1.9640451E-11          0
      2881.783    4.9914289E-10    1.9789675E-11          0
      2884.452    5.0435744E-10    2.0054756E-11          0
      2887.122    5.1032117E-10    2.0275007E-11          0
      2889.791    4.9920457E-10    1.9875046E-11          0
      2892.460    4.9842258E-10    2.0003808E-11          0
      2895.129    5.0713139E-10    2.0359913E-11          0
      2897.799    5.1774479E-10    2.0555705E-11          0
      2900.468    5.1555954E-10    2.0444190E-11          0
      2903.137    5.2787608E-10    2.1028354E-11          0
      2905.807    5.2940941E-10    2.1207463E-11          0
      2908.476    5.3349841E-10    2.1307687E-11          0
      2911.145    5.1833138E-10    2.0995436E-11          0
      2913.814    4.8374160E-10    1.9863215E-11          0
      2916.484    5.1278481E-10    2.0790054E-11          0
      2919.153    5.4719707E-10    2.1872204E-11          0
      2921.822    5.1256455E-10    2.0684829E-11          0
      2924.492    5.0192073E-10    2.0247849E-11          0
      2927.161    5.3897292E-10    2.1309792E-11          0
      2929.830    5.3832455E-10    2.1206972E-11          0
      2932.500    5.1938431E-10    2.0961026E-11          0
      2935.169    5.2250315E-10    2.1263451E-11          0
      2937.838    5.1847598E-10    2.0903369E-11          0
      2940.507    4.9276838E-10    2.0032089E-11          0
      2943.177    4.6806758E-10    1.9377640E-11          0
      2945.846    4.6783388E-10    1.9590791E-11          0
      2948.515    4.9883458E-10    2.0429538E-11          0
      2951.185    5.0486310E-10    2.0342476E-11          0
      2953.854    4.7657511E-10    1.9354580E-11          0
      2956.523    4.8475618E-10    1.9862603E-11          0
      2959.192    4.8395188E-10    2.0140735E-11          0
      2961.862    4.5009535E-10    1.8936680E-11          0
      2964.531    4.5323925E-10    1.9032021E-11          0
      2967.200    4.7091808E-10    1.9738940E-11          0
      2969.870    4.8925741E-10    2.0328905E-11          0
      2972.539    5.0948801E-10    2.1057087E-11          0
      2975.208    5.0668814E-10    2.1287827E-11          0
      2977.877    4.7959853E-10    2.0196360E-11          0
      2980.547    4.6449686E-10    1.9633711E-11          0
      2983.216    4.6543680E-10    1.9903471E-11          0
      2985.885    4.7699067E-10    2.0320573E-11          0
      2988.555    4.8719068E-10    2.0692137E-11          0
      2991.224    4.7575183E-10    2.0461216E-11          0
      2993.894    4.5977996E-10    1.9835942E-11          0
      2996.563    4.7781196E-10    2.0498235E-11          0
      2999.232    4.8307869E-10    2.0917308E-11          0
      3001.901    4.5665538E-10    1.9914388E-11          0
      3004.571    4.2610721E-10    1.8809789E-11          0
      3007.240    4.3244200E-10    1.9602668E-11          0
      3009.909    4.5381568E-10    2.0545806E-11          0
      3012.579    4.9421467E-10    2.1681788E-11          0
      3015.248    5.1583127E-10    2.2442355E-11          0
      3017.917    5.0394627E-10    2.1832650E-11          0
      3020.586    4.9659210E-10    2.1479828E-11          0
      3023.256    4.8622323E-10    2.1237472E-11          0
      3025.925    4.5330614E-10    2.0503909E-11          0
      3028.594    4.7790422E-10    2.1579603E-11          0
      3031.264    5.0106014E-10    2.2441601E-11          0
      3033.933    4.9015614E-10    2.2147334E-11          0
      3036.602    4.7438914E-10    2.1484666E-11          0
      3039.271    4.7374421E-10    2.1304413E-11          0
      3041.941    4.9035109E-10    2.2346886E-11          0
      3044.610    5.0632937E-10    2.3089511E-11          0
      3047.279    4.7640647E-10    2.2139048E-11          0
      3049.949    4.7342646E-10    2.1939710E-11          0
      3052.618    4.6793874E-10    2.1402258E-11          0
      3055.287    4.5072746E-10    2.0838893E-11          0
      3057.957    4.6470625E-10    2.1771125E-11          0
      3060.626    4.7037307E-10    2.2116288E-11          0
      3063.295    4.5692131E-10    2.1685717E-11          0
      3065.964    4.4816703E-10    2.1510188E-11          0
      3068.634    4.3878923E-10    2.1543736E-11          0
      3071.303    4.3644410E-10    2.1574270E-11          0
      3073.972    4.2202439E-10    2.0579878E-11          0
      3076.642    4.4540277E-10    2.1695205E-11          0
      3079.311    4.7777204E-10    2.2662901E-11          0
      3081.980    4.6626430E-10    2.2389427E-11          0
      3084.650    4.4924045E-10    2.2094155E-11          0
      3087.319    4.3599507E-10    2.1257537E-11          0
      3089.988    4.1210682E-10    2.0593513E-11          0
      3092.657    4.9841498E-10    2.4622214E-11          0
      3095.327    4.8788812E-10    2.4801793E-11          0
      3097.996    4.2546494E-10    2.2033817E-11          0
      3100.666    4.3731074E-10    2.2225090E-11          0
      3103.335    4.5982060E-10    2.2793290E-11          0
      3106.004    4.4947901E-10    2.2490856E-11          0
      3108.673    4.0268627E-10    2.0916944E-11          0
      3111.343    3.9561537E-10    2.0737497E-11          0
      3114.012    5.2333116E-10    2.6249131E-11          0
      3116.681    5.0025756E-10    2.5061458E-11          0
      3119.351    4.7644472E-10    2.3710409E-11          0
      3122.020    5.0587823E-10    2.6030903E-11          0
      3124.689    4.9769738E-10    2.6316400E-11          0
      3127.358    4.2106399E-10    2.3182751E-11          0
      3130.028    3.9345502E-10    2.1899383E-11          0
      3132.697    4.2065293E-10    2.2672865E-11          0
      3135.366    4.1312695E-10    2.5256377E-11          0
      3138.036    4.2906387E-10    2.5033232E-11          0
      3140.705    4.3176929E-10    2.4437560E-11          0
      3143.374    4.4458218E-10    2.4698457E-11          0
      3146.043    4.4557005E-10    2.4856455E-11          0
      3148.713    4.8355575E-10    2.6493892E-11          0
      3151.382    4.7880772E-10    2.6953618E-11          0
      3154.051    3.8490858E-10    2.2865170E-11          0
      3156.721    3.8478049E-10    2.2250783E-11          0
      3159.390    3.9373549E-10    2.2516895E-11          0
      3162.059    4.0213757E-10    2.4184895E-11          0
      3164.729    3.8549258E-10    2.4664446E-11          0
      3167.398    3.6120384E-10    2.4920640E-11          0
      3170.067    4.1693735E-10    2.6671417E-11          0
      3172.737    4.1888462E-10    2.6079892E-11          0
      3175.406    3.9193726E-10    2.5499490E-11          0
      3178.075    3.8442979E-10    2.6828368E-11          0
      3180.744    4.5570928E-10    2.9132023E-11          0
      3183.414    3.5187420E-10    2.5916628E-11          0
      3186.083    3.2685626E-10    2.5173953E-11          0
      3188.752    3.2571637E-10    2.5382533E-11          0
      3191.422    3.4401768E-10    2.6174079E-11          0
      3194.091    4.4370529E-10    3.2771463E-11          0
      3196.760    5.0432958E-10    3.5973370E-11          0
      3199.430    4.4140999E-10    3.0864936E-11          0
      3202.099    4.0019660E-10    3.2409048E-11          0
      3204.768    4.4751178E-10    3.5626582E-11          0
      3207.438    4.3872966E-10    3.4314496E-11          0
      3210.107    4.1383175E-10    3.3566091E-11          0
      3212.776    4.3689830E-10    3.4245412E-11          0
      3215.445    3.8354286E-10    3.3551176E-11          0
      3218.115    3.0650985E-10    3.0972429E-11          0
      3220.784    3.5263251E-10    3.1806981E-11          0
      3223.453    3.9020528E-10    3.5585937E-11          0
      3226.123    4.0091053E-10    3.7177681E-11          0
      3228.792    3.7713363E-10    3.9076221E-11          0
      3231.461    3.2424685E-10    3.9303394E-11          0
      3234.130    3.2262523E-10    3.8522605E-11          0
      3236.800    3.6733949E-10    3.9809066E-11          0
      3239.469    3.7037795E-10    4.1433912E-11          0
      3242.138    5.0515653E-10    5.9087533E-11          0
      3244.808    5.8041799E-10    6.4372750E-11          0
      3247.477    4.6821114E-10    5.2827638E-11          0
      3250.146    4.5764562E-10    5.0318725E-11          0
      3252.815    3.9770537E-10    5.4149140E-11          0
      3255.485    4.7372767E-10    5.8564743E-11          0
      3258.154    4.3494924E-10    6.0616394E-11          0
      3260.823    4.0713866E-10    6.2459295E-11          0
      3263.493    3.7949782E-10    6.0614271E-11          0
      3266.162    4.2452941E-10    6.6619682E-11          0
      3268.831    3.4463127E-10    5.9673599E-11          0
      3271.500    3.4848716E-10    5.8169941E-11          0
      3274.170    4.2223314E-10    7.5531303E-11          0
      3276.839    4.3222850E-10    7.8689499E-11          0
      3279.509    2.2523854E-10    4.4600049E-11          0
      3282.178    3.1349978E-10    6.9560115E-11          0
      3284.847    3.9442077E-10    7.9160303E-11          0
      3287.517    4.2590170E-10    7.4711549E-11          0
      3290.186    3.9527911E-10    7.3592521E-11          0
      3292.855    5.4006799E-10    1.2091174E-10          0
      3295.524    6.1922789E-10    1.3513482E-10          0
      3298.194    4.5993526E-10    9.2562950E-11          0
      3300.863    3.1427896E-10    7.7570568E-11      -4096
      3303.532    4.0663586E-10    1.3532406E-10      -4096
      3306.202    6.5751593E-10    1.5792671E-10      -4096
      3308.871    2.1603563E-09    4.6417092E-10      -4096
      3311.540    1.9636210E-09    4.5487314E-10      -4096
      3314.209    1.5271848E-09    4.6043294E-10      -4096
      3316.879    1.6615016E-09    4.7663218E-10          0
      3319.548    7.3529610E-10    2.5006688E-10          0
      3322.217    3.8947673E-10    1.0574224E-10          0
      3324.887    3.1151720E-10    1.0010334E-10          0
      3327.556    2.2905940E-10    6.8065727E-11          0
      3330.225    2.3109760E-10    6.0739212E-11          0
      3332.895    5.9469446E-10    1.1941370E-10          0
      3335.564    6.0752203E-10    1.3629707E-10          0
      3338.233    5.7080640E-10    1.7528433E-10          0
      3340.902    3.4457678E-10    1.8674673E-10          0
      3343.572    7.1686163E-10    2.1257623E-10          0
      3346.241    6.6898509E-10    2.1262173E-10          0
