      1851.433    7.7803094E-12    2.3815509E-12          0
      1854.102    7.4779835E-12    2.2372395E-12          0
      1856.772    8.4142528E-12    2.0988116E-12          0
      1859.441    8.1695284E-12    1.9181841E-12          0
      1862.110    7.9118058E-12    1.7743130E-12          0
      1864.780    1.2630485E-11    1.7443852E-12          0
      1867.449    1.1609339E-11    1.6062285E-12          0
      1870.118    1.0053815E-11    1.4797287E-12          0
      1872.787    9.6245763E-12    1.3322163E-12          0
      1875.457    7.5899989E-12    1.2192570E-12          0
      1878.126    1.0209549E-11    1.2148736E-12          0
      1880.795    9.2754164E-12    1.1348998E-12          0
      1883.465    6.4687795E-12    1.0686944E-12          0
      1886.134    6.7322376E-12    9.9125287E-13          0
      1888.803    4.9310460E-12    9.1427137E-13          0
      1891.473    4.7427496E-12    8.7277391E-13          0
      1894.142    5.0495146E-12    8.2464482E-13          0
      1896.811    5.6759905E-12    8.1529922E-13          0
      1899.480    7.3714776E-12    8.0986888E-13          0
      1902.150    7.8610425E-12    7.9856976E-13          0
      1904.819    6.7155977E-12    7.7659792E-13          0
      1907.488    5.8424771E-12    7.4487823E-13          0
      1910.158    6.3846558E-12    7.3209521E-13          0
      1912.827    6.7402867E-12    7.1250162E-13          0
      1915.496    6.1187505E-12    6.8286555E-13          0
      1918.166    5.3122016E-12    6.1817218E-13          0
      1920.835    5.1528916E-12    5.9793565E-13          0
      1923.504    7.3020374E-12    6.5419886E-13          0
      1926.173    5.0944526E-12    5.9602751E-13          0
      1928.843    4.8532367E-12    5.6674094E-13          0
      1931.512    6.7679438E-12    5.9098001E-13          0
      1934.181    5.4323026E-12    5.3255902E-13          0
      1936.851    6.5630917E-12    5.4084553E-13          0
      1939.520    5.9579594E-12    5.2358275E-13          0
      1942.189    6.6600397E-12    5.8325350E-13          0
      1944.859    6.0123343E-12    5.0948351E-13          0
      1947.528    6.4470174E-12    5.0571103E-13          0
      1950.197    5.7860856E-12    4.8605569E-13          0
      1952.866    5.1831399E-12    4.6843513E-13          0
      1955.536    3.9760265E-12    4.3709513E-13          0
      1958.205    3.9593281E-12    4.3901002E-13          0
      1960.874    4.0890624E-12    4.1480426E-13          0
      1963.544    4.9241132E-12    4.3253164E-13          0
      1966.213    5.6317607E-12    4.2900828E-13          0
      1968.882    6.7420548E-12    4.5840713E-13          0
      1971.552    7.3979893E-12    4.5129522E-13          0
      1974.221    8.0259115E-12    4.5153139E-13          0
      1976.890    7.0820762E-12    4.3076092E-13          0
      1979.559    5.7418631E-12    4.0909230E-13          0
      1982.229    5.9527201E-12    4.0989033E-13          0
      1984.898    4.6139221E-12    3.7862806E-13          0
      1987.567    5.1422859E-12    3.8720649E-13          0
      1990.237    4.5925616E-12    3.7682382E-13          0
      1992.906    3.8251325E-12    3.5482403E-13          0
      1995.575    4.1135771E-12    3.5868178E-13          0
      1998.245    3.4496507E-12    3.3255893E-13          0
      2000.914    4.9394018E-12    3.5944590E-13          0
      2003.583    3.8556628E-12    3.4084205E-13          0
      2006.252    5.0982252E-12    3.6784763E-13          0
      2008.922    5.1438636E-12    3.6069403E-13          0
      2011.591    4.7905946E-12    4.8026112E-13          0
      2014.260    5.2520011E-12    3.5593685E-13          0
      2016.930    5.8318810E-12    3.6176083E-13          0
      2019.599    6.4313242E-12    3.8535630E-13          0
      2022.268    6.3740406E-12    3.8588181E-13          0
      2024.938    5.7679339E-12    3.6888114E-13          0
      2027.607    4.9542709E-12    3.4107190E-13          0
      2030.276    4.7490427E-12    3.3964799E-13          0
      2032.945    6.1173623E-12    3.7346038E-13          0
      2035.615    5.3170125E-12    3.5181358E-13          0
      2038.284    3.7007493E-12    3.0832222E-13          0
      2040.953    4.0660830E-12    3.1792995E-13          0
      2043.623    4.1802603E-12    3.3023746E-13          0
      2046.292    4.4428389E-12    3.3813769E-13      -4096
      2048.961    4.3982773E-12    3.4966770E-13      -4096
      2051.630    2.9468242E-12    3.2597078E-13      -4096
      2054.300    4.1491814E-12    3.5195387E-13      -4096
      2056.969    4.1358375E-12    3.3028937E-13      -4096
      2059.638    3.9370633E-12    3.3019906E-13          0
      2062.308    3.4821356E-12    3.1753571E-13          0
      2064.977    3.8282528E-12    3.2040584E-13          0
      2067.646    3.7447953E-12    3.1648715E-13          0
      2070.316    3.9997229E-12    3.2381630E-13          0
      2072.985    5.2579802E-12    3.6210911E-13          0
      2075.654    5.2302745E-12    3.5827415E-13          0
      2078.323    5.1065020E-12    3.5854482E-13          0
      2080.993    4.6210201E-12    3.4972822E-13          0
      2083.662    4.5295508E-12    3.3296909E-13          0
      2086.331    4.4148838E-12    3.7292267E-13          0
      2089.001    4.3719412E-12    3.4254801E-13          0
      2091.670    4.2749988E-12    3.4335008E-13          0
      2094.339    2.8989276E-12    2.9471965E-13          0
      2097.009    3.2407440E-12    3.0470770E-13          0
      2099.678    3.3864994E-12    3.1490937E-13          0
      2102.347    2.2628737E-12    2.9007639E-13          0
      2105.017    2.8272378E-12    2.9753844E-13          0
      2107.686    3.8662112E-12    3.3105517E-13          0
      2110.355    3.4515745E-12    3.1631490E-13          0
      2113.024    4.1286119E-12    3.4372377E-13          0
      2115.694    3.2223449E-12    3.1603417E-13          0
      2118.363    3.2414149E-12    3.0776504E-13          0
      2121.032    3.2466636E-12    3.1993497E-13          0
      2123.702    4.1962679E-12    3.3514654E-13          0
      2126.371    4.1069830E-12    3.4883920E-13          0
      2129.040    3.9523771E-12    3.2406020E-13          0
      2131.709    4.5424827E-12    3.6139445E-13          0
      2134.379    4.1289103E-12    3.3807633E-13          0
      2137.048    3.4228215E-12    3.2076672E-13          0
      2139.717    3.4069063E-12    4.0930955E-13          0
      2142.387    3.1844989E-12    3.7720163E-13          0
      2145.056    3.6583809E-12    3.3011414E-13          0
      2147.725    2.6550595E-12    3.0619802E-13          0
      2150.395    2.8361616E-12    3.1280257E-13          0
      2153.064    3.2245844E-12    3.3120943E-13          0
      2155.733    3.2754537E-12    3.3552918E-13          0
      2158.403    3.1657177E-12    3.2501893E-13          0
      2161.072    4.0902659E-12    3.4976240E-13          0
      2163.741    2.9528708E-12    3.2897656E-13          0
      2166.410    3.2797315E-12    3.3773147E-13          0
      2169.080    3.1732501E-12    3.3431461E-13          0
      2171.749    4.1648031E-12    3.5647223E-13          0
      2174.418    3.6095608E-12    3.5808712E-13          0
      2177.088    3.3389277E-12    3.5372020E-13          0
      2179.757    3.9584070E-12    3.5004077E-13          0
      2182.426    3.9212565E-12    3.9256836E-13          0
      2185.095    3.6529031E-12    3.6980445E-13          0
      2187.765    3.6072464E-12    3.3153179E-13      -3392
      2190.434    3.5333886E-12    3.6556080E-13      -3392
      2193.104    3.9054936E-12    4.0920940E-13      -2112
      2195.773    2.7030377E-12    3.3985724E-13      -2048
      2198.442    3.4447167E-12    3.3556746E-13          0
      2201.111    4.1065710E-12    3.5254267E-13          0
      2203.781    3.8395975E-12    3.5277708E-13          0
      2206.450    3.4989921E-12    3.4527692E-13          0
      2209.119    3.6125298E-12    3.5154028E-13          0
      2211.789    3.5610323E-12    3.5323255E-13          0
      2214.458    3.5672322E-12    3.6323085E-13          0
      2217.127    3.5779489E-12    3.6593328E-13          0
      2219.796    3.0632647E-12    3.5130836E-13          0
      2222.466    3.3645810E-12    4.0733470E-13          0
      2225.135    3.7509002E-12    3.6423677E-13          0
      2227.804    4.1829608E-12    4.1086077E-13          0
      2230.474    3.6502906E-12    3.5852593E-13          0
      2233.143    3.2118863E-12    3.4260686E-13          0
      2235.812    3.4292259E-12    3.4115964E-13          0
      2238.481    4.0643769E-12    3.6381212E-13          0
      2241.151    3.9308179E-12    3.5374004E-13          0
      2243.820    3.8091986E-12    3.3929649E-13          0
      2246.489    3.6344538E-12    3.3483676E-13          0
      2249.159    4.4182401E-12    3.5583198E-13          0
      2251.828    3.8574391E-12    3.5235999E-13          0
      2254.497    4.4067098E-12    3.5955481E-13          0
      2257.167    4.1724805E-12    3.5060811E-13          0
      2259.836    3.7650156E-12    3.4557277E-13          0
      2262.505    3.8750322E-12    3.4569946E-13          0
      2265.175    4.2738309E-12    3.4548173E-13          0
      2267.844    4.7770238E-12    3.5155228E-13          0
      2270.513    5.0784841E-12    3.5630396E-13          0
      2273.182    4.9669800E-12    3.6238273E-13          0
      2275.852    5.1127197E-12    3.6409168E-13          0
      2278.521    5.5310851E-12    3.7928823E-13          0
      2281.190    5.6046071E-12    3.8423819E-13          0
      2283.860    4.7783578E-12    3.2964048E-13          0
      2286.529    5.5738920E-12    3.4808370E-13          0
      2289.198    5.3388344E-12    3.6031063E-13          0
      2291.867    5.3612579E-12    5.9316441E-13          0
      2294.537    4.8274479E-12    4.3964176E-13          0
      2297.206    5.4291107E-12    3.5844499E-13          0
      2299.875    4.7121751E-12    3.3291799E-13          0
      2302.545    5.6403797E-12    3.5321461E-13          0
      2305.214    6.0534208E-12    3.6989574E-13          0
      2307.883    5.9448310E-12    3.5568711E-13          0
      2310.553    5.8194638E-12    3.5413190E-13          0
      2313.222    7.1143182E-12    3.9336866E-13          0
      2315.891    5.6888877E-12    3.5131230E-13          0
      2318.561    5.6043694E-12    3.4492263E-13          0
      2321.230    7.0578508E-12    3.8278899E-13          0
      2323.899    5.4726978E-12    3.3614612E-13          0
      2326.568    5.7393196E-12    3.3518945E-13          0
      2329.238    5.8193693E-12    3.3393264E-13          0
      2331.907    6.2082587E-12    3.4955236E-13          0
      2334.576    5.8347099E-12    3.2545768E-13          0
      2337.246    5.7091207E-12    3.2293162E-13          0
      2339.915    6.3607179E-12    3.3934579E-13          0
      2342.584    5.7480839E-12    3.2201756E-13          0
      2345.253    5.9551040E-12    3.2390993E-13          0
      2347.923    6.3074849E-12    3.4287726E-13          0
      2350.592    6.1533543E-12    3.2961627E-13          0
      2353.261    6.6741326E-12    3.4197772E-13          0
      2355.931    7.2372316E-12    3.6014345E-13          0
      2358.600    7.6204520E-12    3.6970196E-13          0
      2361.269    7.0108559E-12    3.4865410E-13          0
      2363.938    7.3794052E-12    3.6693681E-13          0
      2366.608    8.0494379E-12    3.8289803E-13          0
      2369.277    7.8903446E-12    3.8363797E-13          0
      2371.947    8.0548250E-12    5.3014835E-13          0
      2374.616    7.8343035E-12    3.7614619E-13          0
      2377.285    6.9583319E-12    3.4447645E-13          0
      2379.954    7.5862025E-12    3.7177208E-13          0
      2382.624    7.8705757E-12    3.8220122E-13          0
      2385.293    8.1710862E-12    3.8588243E-13          0
      2387.962    8.1198650E-12    3.8552478E-13          0
      2390.632    8.3814162E-12    3.8897054E-13          0
      2393.301    8.4953529E-12    3.8977697E-13          0
      2395.970    7.9712270E-12    3.6826648E-13          0
      2398.640    8.8967644E-12    4.0146117E-13          0
      2401.309    8.6481525E-12    3.9649929E-13          0
      2403.978    9.1148573E-12    4.0692252E-13          0
      2406.647    8.9993386E-12    4.0208261E-13          0
      2409.317    8.5350026E-12    3.8732318E-13          0
      2411.986    8.6139516E-12    3.8906056E-13          0
      2414.655    9.0627107E-12    4.0749194E-13          0
      2417.325    9.3577993E-12    4.1635665E-13          0
      2419.994    9.4233831E-12    4.1876385E-13          0
      2422.663    9.2650141E-12    4.0699971E-13          0
      2425.333    9.9753530E-12    4.3023387E-13          0
      2428.002    1.0487149E-11    4.4471290E-13          0
      2430.671    1.0403777E-11    4.4845532E-13      -1280
      2433.340    1.0563077E-11    4.5628253E-13      -1280
      2436.010    9.6230315E-12    4.1981856E-13          0
      2438.679    1.0225451E-11    4.3743066E-13          0
      2441.348    9.4177617E-12    4.0252223E-13          0
      2444.018    8.9802471E-12    3.8744320E-13          0
      2446.687    1.0489762E-11    4.3737632E-13          0
      2449.356    9.9451263E-12    4.1775933E-13          0
      2452.025    1.0254547E-11    4.2173532E-13      -1280
      2454.695    1.1632825E-11    4.7169191E-13      -1280
      2457.364    1.0385908E-11    4.2993297E-13          0
      2460.033    1.0068902E-11    4.2019480E-13          0
      2462.703    1.1079358E-11    4.4960560E-13          0
      2465.372    1.0814720E-11    4.4167152E-13          0
      2468.041    1.0726452E-11    4.3742557E-13          0
      2470.710    1.0560254E-11    4.3062038E-13          0
      2473.380    1.0155952E-11    4.1757101E-13          0
      2476.049    1.0811745E-11    4.4112942E-13          0
      2478.719    1.0952668E-11    4.4383548E-13       -256
      2481.388    1.1220847E-11    4.5407043E-13       -256
      2484.057    1.0350606E-11    4.2020987E-13       -256
      2486.726    1.0461917E-11    4.2592541E-13       -256
      2489.396    1.1763078E-11    4.7362326E-13          0
      2492.065    1.2672988E-11    5.0783883E-13          0
      2494.734    1.2830424E-11    5.1234575E-13          0
      2497.404    1.1215297E-11    4.5592030E-13          0
      2500.073    1.2008080E-11    4.7920825E-13      -1280
      2502.742    1.1951271E-11    4.8051911E-13      -1280
      2505.412    1.2445386E-11    4.9394993E-13      -1280
      2508.081    1.2652813E-11    5.0300226E-13      -1280
      2510.750    1.1277656E-11    4.5015017E-13          0
      2513.419    1.1997260E-11    4.7615286E-13      -1280
      2516.089    1.2690555E-11    5.0190109E-13      -1280
      2518.758    1.2925861E-11    5.0983799E-13      -1280
      2521.427    1.2968038E-11    5.1060463E-13      -1280
      2524.097    1.2192772E-11    4.8052225E-13          0
      2526.766    1.1951683E-11    4.7234265E-13          0
      2529.435    1.2389480E-11    4.8783731E-13       -256
      2532.104    1.3148794E-11    5.1964216E-13       -256
      2534.774    1.2721663E-11    4.9552045E-13       -256
      2537.443    1.0893943E-11    4.3758944E-13          0
      2540.112    1.0870106E-11    4.3073891E-13          0
      2542.782    1.0548840E-11    4.2117639E-13          0
      2545.451    1.1244045E-11    4.4172668E-13       -256
      2548.120    1.3223688E-11    5.1785063E-13       -256
      2550.790    1.3083171E-11    5.0451207E-13      -1280
      2553.459    1.4247245E-11    5.4888781E-13      -1280
      2556.128    1.3283658E-11    5.2263218E-13      -1280
      2558.797    1.4014760E-11    5.4191894E-13      -1280
      2561.467    1.4195726E-11    5.4052498E-13      -1280
      2564.136    1.2222048E-11    4.7590426E-13          0
      2566.805    1.2213518E-11    4.7976678E-13       -256
      2569.475    1.3244796E-11    5.0429935E-13       -256
      2572.144    1.2673125E-11    4.8903167E-13      -5376
      2574.813    1.4122562E-11    5.6192822E-13      -5376
      2577.483    1.3177417E-11    5.8963197E-13      -5376
      2580.152    1.2392026E-11    5.5782570E-13      -5376
      2582.821    1.2789441E-11    5.5717719E-13      -5376
      2585.490    1.2398197E-11    4.9722612E-13      -5376
      2588.160    1.2766496E-11    4.8912279E-13      -1280
      2590.829    1.2975108E-11    4.9436339E-13      -1280
      2593.499    1.3831369E-11    5.2265310E-13      -1280
      2596.168    1.4116489E-11    5.3446955E-13      -1280
      2598.837    1.3609627E-11    5.1820690E-13      -1280
      2601.506    1.2932245E-11    4.9804150E-13      -1280
      2604.176    1.1954448E-11    4.6133832E-13      -1280
      2606.845    1.2728564E-11    4.8242627E-13      -1280
      2609.514    1.3571225E-11    5.1192026E-13      -1280
      2612.184    1.3827074E-11    5.2755684E-13      -1280
      2614.853    1.4835411E-11    5.5659535E-13      -1280
      2617.522    1.2122685E-11    4.6907351E-13      -1280
      2620.191    1.2888036E-11    5.0035925E-13      -1280
      2622.861    1.4387102E-11    5.4229380E-13      -1280
      2625.530    1.3091613E-11    5.0729147E-13      -1280
      2628.199    1.2907223E-11    4.9411863E-13      -1280
      2630.869    1.3909008E-11    5.3036172E-13      -1280
      2633.538    1.3735083E-11    5.2490580E-13      -1280
      2636.207    1.5148272E-11    5.7679724E-13      -1280
      2638.876    1.3542250E-11    5.1074227E-13      -1280
      2641.546    1.4123540E-11    5.3125630E-13      -1280
      2644.215    1.5636060E-11    5.8780205E-13      -1280
      2646.884    1.5033020E-11    5.6468599E-13      -1280
      2649.554    1.5599504E-11    5.8893423E-13      -1280
      2652.223    1.3988444E-11    5.2969776E-13      -1280
      2654.892    1.5650614E-11    5.8769206E-13      -1280
      2657.562    1.5981634E-11    6.0105762E-13      -1280
      2660.231    1.3949539E-11    5.2894500E-13      -1280
      2662.900    1.4509618E-11    5.4583063E-13      -1280
      2665.570    1.4114598E-11    5.3112170E-13      -1280
      2668.239    1.4644393E-11    5.4919410E-13      -1280
      2670.908    1.5497020E-11    5.8452055E-13      -1280
      2673.577    1.5530912E-11    5.7960993E-13      -1280
      2676.247    1.4223693E-11    5.5092920E-13      -1280
      2678.916    1.4570860E-11    5.4683471E-13      -1280
      2681.585    1.4199744E-11    5.3482566E-13      -1280
      2684.255    1.4159271E-11    5.3277055E-13      -1280
      2686.924    1.5687047E-11    5.9294377E-13      -1280
      2689.593    1.4560729E-11    5.5114734E-13      -1280
      2692.262    1.5020440E-11    5.7045368E-13      -1280
      2694.932    1.4431683E-11    5.5957674E-13      -1280
      2697.601    1.4757626E-11    5.6538736E-13      -1280
      2700.271    1.3342299E-11    5.0810235E-13      -1280
      2702.940    1.5557191E-11    5.8284307E-13      -1280
      2705.609    1.4708325E-11    5.5967487E-13      -1280
      2708.278    1.5085331E-11    5.6732191E-13      -1280
      2710.948    1.4419531E-11    5.4262660E-13      -1280
      2713.617    1.4620393E-11    5.5474294E-13      -1280
      2716.286    1.4575788E-11    5.4855827E-13      -1280
      2718.956    1.4851689E-11    5.5283024E-13      -1280
      2721.625    1.3745985E-11    5.1615434E-13      -1280
      2724.294    1.3386368E-11    5.0647643E-13      -1280
      2726.963    1.4217436E-11    5.3046939E-13      -1280
      2729.633    1.4229428E-11    5.3160297E-13      -1280
      2732.302    1.3462397E-11    5.0721612E-13      -1280
      2734.971    1.4166157E-11    5.2849798E-13      -1280
      2737.641    1.3801512E-11    5.1521547E-13      -1280
      2740.310    1.3646407E-11    5.1097126E-13      -1280
      2742.979    1.3587485E-11    5.0650689E-13      -1280
      2745.648    1.4129799E-11    5.3076489E-13      -1280
      2748.318    1.4268364E-11    5.3841849E-13      -1280
      2750.987    1.4399321E-11    5.3847031E-13      -1280
      2753.656    1.4396519E-11    5.3963285E-13      -1280
      2756.326    1.5258888E-11    5.7686695E-13      -1280
      2758.995    1.4772171E-11    5.5368346E-13      -1280
      2761.664    1.4953514E-11    5.6187699E-13      -1280
      2764.333    1.5501381E-11    5.7783932E-13      -1280
      2767.003    1.5154268E-11    5.6825893E-13      -1280
      2769.672    1.5207993E-11    5.7214189E-13      -1280
      2772.342    1.5181457E-11    5.7021125E-13      -1280
      2775.011    1.4947873E-11    5.5970419E-13      -1280
      2777.680    1.4068649E-11    5.3809816E-13      -5376
      2780.349    1.4642752E-11    5.9540632E-13      -5376
      2783.019    1.4609659E-11    5.9580775E-13      -5376
      2785.688    1.5901785E-11    6.6777351E-13      -5376
      2788.357    1.2558893E-11    5.1474883E-13      -5376
      2791.027    1.4471258E-11    5.4466528E-13      -1280
      2793.696    1.4639361E-11    5.5996988E-13      -1280
      2796.365    1.3433282E-11    5.1574451E-13      -1280
      2799.034    1.2531697E-11    4.7908482E-13      -1280
      2801.704    1.2503443E-11    4.8408575E-13      -1280
      2804.373    1.4416962E-11    5.4024564E-13      -1280
      2807.042    1.4425303E-11    5.4222647E-13      -1280
      2809.712    1.4508689E-11    5.4010903E-13      -1280
      2812.381    1.4325150E-11    5.3501013E-13      -1280
      2815.050    1.4475481E-11    5.3651143E-13      -1280
      2817.720    1.4037438E-11    5.2643615E-13      -1280
      2820.389    1.4624968E-11    5.4589428E-13      -1280
      2823.058    1.4690429E-11    5.4590588E-13      -1312
      2825.728    1.5326027E-11    5.7937867E-13      -1312
      2828.397    1.4756677E-11    5.6273513E-13      -1312
      2831.066    1.4695021E-11    5.5027348E-13      -1280
      2833.735    1.4829358E-11    5.4804506E-13      -1280
      2836.405    1.4643457E-11    5.4235083E-13      -1280
      2839.074    1.4580212E-11    5.4153882E-13      -1280
      2841.743    1.4153266E-11    5.2925416E-13      -1280
      2844.413    1.4999352E-11    5.5889722E-13      -1280
      2847.082    1.5059749E-11    5.5884811E-13      -1280
      2849.751    1.3628152E-11    5.0956434E-13      -1280
      2852.420    1.3718427E-11    5.1547969E-13      -1280
      2855.090    1.4294696E-11    5.3711560E-13      -1280
      2857.759    1.5006779E-11    5.6430262E-13      -1280
      2860.428    1.5734884E-11    5.7925171E-13      -1280
      2863.098    1.5369067E-11    5.6811690E-13      -1280
      2865.767    1.4682597E-11    5.4052216E-13      -1280
      2868.436    1.5451328E-11    5.6962383E-13      -1280
      2871.105    1.4723273E-11    5.4459209E-13      -1280
      2873.775    1.4536026E-11    5.4442431E-13      -1280
      2876.444    1.4910396E-11    5.4923096E-13      -1280
      2879.114    1.4593148E-11    5.4304635E-13      -1280
      2881.783    1.5638145E-11    5.7504598E-13      -1280
      2884.452    1.5317641E-11    5.7384148E-13      -1280
      2887.122    1.6651895E-11    6.1634899E-13      -1280
      2889.791    1.6086224E-11    6.0102395E-13      -1280
      2892.460    1.5586305E-11    5.7173396E-13      -1280
      2895.129    1.4414801E-11    5.3579819E-13      -1280
      2897.799    1.4054059E-11    5.2427339E-13      -1280
      2900.468    1.5095746E-11    5.5913602E-13      -1280
      2903.137    1.5605467E-11    5.8111317E-13      -1280
      2905.807    1.5282728E-11    5.8295957E-13      -1280
      2908.476    1.6392129E-11    6.0382065E-13      -1280
      2911.145    1.7748388E-11    6.5057400E-13      -1280
      2913.814    1.7152533E-11    6.2529376E-13      -1280
      2916.484    1.6930920E-11    6.1967852E-13      -1280
      2919.153    1.6652259E-11    6.1230188E-13      -1280
      2921.822    1.6323158E-11    5.9739881E-13      -1280
      2924.492    1.7034067E-11    6.2461391E-13      -1280
      2927.161    1.7210875E-11    6.2739917E-13      -1280
      2929.830    1.7079844E-11    6.1753196E-13      -1280
      2932.500    1.7027737E-11    6.2306703E-13      -1280
      2935.169    1.7195764E-11    6.3080861E-13      -1280
      2937.838    1.6040579E-11    5.8198124E-13      -1280
      2940.507    1.6024956E-11    5.8910716E-13      -1280
      2943.177    1.8004967E-11    6.5939409E-13      -1280
      2945.846    1.6167881E-11    5.9647025E-13      -1280
      2948.515    1.6701921E-11    6.0977254E-13      -1280
      2951.185    1.8225546E-11    6.6125285E-13      -1280
      2953.854    1.5885755E-11    5.7523647E-13      -1280
      2956.523    1.5404936E-11    5.6775358E-13      -1280
      2959.192    1.8057642E-11    6.5577551E-13       -256
      2961.862    1.8324613E-11    6.6486405E-13      -1280
      2964.531    1.6552844E-11    6.0631567E-13      -1280
      2967.200    1.6772781E-11    6.1624208E-13      -1280
      2969.870    1.6415255E-11    6.0347793E-13      -1280
      2972.539    1.7791445E-11    6.4125718E-13      -1280
      2975.208    1.8032782E-11    6.5745413E-13      -1280
      2977.877    1.7371894E-11    6.2807539E-13      -1280
      2980.547    1.7159309E-11    6.2540966E-13      -1280
      2983.216    1.6152826E-11    5.9929524E-13      -1280
      2985.885    1.8341075E-11    6.6214390E-13      -1280
      2988.555    1.8862781E-11    6.8227872E-13       -256
      2991.224    1.8546765E-11    6.6611354E-13      -1280
      2993.894    1.6679972E-11    6.1632047E-13      -1280
      2996.563    1.7484543E-11    6.4272275E-13      -1280
      2999.232    1.8862785E-11    6.8396780E-13      -1280
      3001.901    1.5847084E-11    5.9162229E-13       -256
      3004.571    1.6083915E-11    5.8966682E-13       -256
      3007.240    1.5237469E-11    5.6336370E-13      -1280
      3009.909    1.7409274E-11    6.3740332E-13      -1280
      3012.579    1.6320407E-11    6.0192362E-13       -256
      3015.248    1.6462011E-11    6.1188007E-13       -256
      3017.917    1.6515815E-11    6.0673992E-13          0
      3020.586    1.6703149E-11    6.1460559E-13      -1280
      3023.256    1.7925481E-11    6.5083458E-13      -1280
      3025.925    1.9253016E-11    6.9421948E-13      -1280
      3028.594    1.7900023E-11    6.5743564E-13      -1280
      3031.264    1.8210900E-11    6.6949880E-13       -256
      3033.933    1.9815885E-11    7.1688613E-13       -256
      3036.602    1.8392031E-11    6.7074059E-13       -256
      3039.271    1.6458524E-11    6.1624620E-13       -256
      3041.941    1.6637686E-11    6.2164087E-13          0
      3044.610    1.7085656E-11    6.5532741E-13          0
      3047.279    1.6998035E-11    6.4936451E-13          0
      3049.949    1.7100260E-11    6.4964923E-13      -1280
      3052.618    1.7835606E-11    6.7697134E-13      -1280
      3055.287    1.8578278E-11    7.0747818E-13          0
      3057.957    1.6404879E-11    6.4453835E-13          0
      3060.626    1.6360358E-11    6.5066111E-13          0
      3063.295    1.7345601E-11    6.7779652E-13          0
      3065.964    1.7232740E-11    6.6963069E-13          0
      3068.634    1.6402579E-11    6.4901573E-13          0
      3071.303    1.7569035E-11    6.9220812E-13          0
      3073.972    1.6654962E-11    6.6982346E-13          0
      3076.642    1.6408638E-11    6.5848168E-13          0
      3079.311    1.6422384E-11    6.6177684E-13          0
      3081.980    1.6149979E-11    6.5968091E-13          0
      3084.650    1.6086221E-11    6.7295567E-13          0
      3087.319    1.5046566E-11    6.3189292E-13          0
      3089.988    1.5993500E-11    6.6477005E-13          0
      3092.657    1.5165907E-11    6.3796451E-13          0
      3095.327    1.5187983E-11    6.4934462E-13          0
      3097.996    1.5186775E-11    6.5201333E-13          0
      3100.666    1.5257486E-11    6.4312591E-13          0
      3103.335    1.5184094E-11    6.4545705E-13          0
      3106.004    1.6542764E-11    6.8872284E-13          0
      3108.673    1.6382047E-11    6.9145931E-13          0
      3111.343    1.6165727E-11    6.8636898E-13          0
      3114.012    1.8527662E-11    7.7378501E-13          0
      3116.681    1.6994664E-11    7.2748177E-13          0
      3119.351    1.5712650E-11    6.6679534E-13          0
      3122.020    1.7759407E-11    7.4343689E-13          0
      3124.689    1.7703715E-11    7.4400463E-13          0
      3127.358    1.7237033E-11    7.3237846E-13          0
      3130.028    1.7012799E-11    7.3077498E-13          0
      3132.697    1.7252984E-11    7.4227348E-13          0
      3135.366    1.6155072E-11    6.9371207E-13          0
      3138.036    1.7156098E-11    7.3846517E-13          0
      3140.705    1.7217391E-11    7.3121029E-13          0
      3143.374    1.7705953E-11    7.4834339E-13          0
      3146.043    1.8081592E-11    7.6001683E-13          0
      3148.713    1.6959064E-11    7.2209719E-13          0
      3151.382    1.5681199E-11    6.8529893E-13          0
      3154.051    1.5740192E-11    6.7726423E-13          0
      3156.721    1.5312283E-11    6.6725445E-13          0
      3159.390    1.5229842E-11    6.5091140E-13          0
      3162.059    1.5150433E-11    6.5341965E-13          0
      3164.729    1.4491568E-11    6.3445755E-13          0
      3167.398    1.4695599E-11    6.3458868E-13          0
      3170.067    1.5013348E-11    6.5262758E-13          0
      3172.737    1.6423314E-11    7.0453046E-13          0
      3175.406    1.7022994E-11    7.2991868E-13          0
      3178.075    1.6756950E-11    7.2611470E-13          0
      3180.744    1.6245482E-11    7.0854737E-13          0
      3183.414    1.4650397E-11    6.4170847E-13          0
      3186.083    1.4654144E-11    6.4518356E-13          0
      3188.752    1.5711597E-11    6.8178140E-13          0
      3191.422    1.5798553E-11    6.8718994E-13          0
      3194.091    1.5369619E-11    6.8051473E-13          0
      3196.760    1.5041655E-11    6.7444395E-13          0
      3199.430    1.4319882E-11    6.2899404E-13          0
      3202.099    1.4743080E-11    6.5634081E-13          0
      3204.768    1.5612562E-11    7.0348122E-13          0
      3207.438    1.4765130E-11    6.8838636E-13          0
      3210.107    1.8202519E-11    8.1528919E-13          0
      3212.776    1.8628639E-11    8.4339268E-13          0
      3215.445    1.7756243E-11    8.2305685E-13          0
      3218.115    1.4045864E-11    6.6212492E-13          0
      3220.784    1.4645033E-11    6.8442387E-13          0
      3223.453    1.7119028E-11    7.8311283E-13          0
      3226.123    1.7537694E-11    7.9634514E-13          0
      3228.792    1.5783420E-11    7.5916628E-13          0
      3231.461    1.5060581E-11    7.4878721E-13          0
      3234.130    1.5532273E-11    8.0628641E-13          0
      3236.800    1.6827159E-11    8.5359720E-13          0
      3239.469    1.8964615E-11    9.3296497E-13          0
      3242.138    1.9559888E-11    9.7413223E-13          0
      3244.808    1.8536072E-11    1.0770761E-12          0
      3247.477    1.8624371E-11    1.0445191E-12          0
      3250.146    1.7082037E-11    9.1693179E-13          0
      3252.815    1.5611455E-11    8.9820425E-13          0
      3255.485    1.6206928E-11    9.4078933E-13          0
      3258.154    1.7516183E-11    1.0307832E-12          0
      3260.823    1.7284020E-11    1.0558059E-12          0
      3263.493    1.8353699E-11    1.1725102E-12          0
      3266.162    2.1252083E-11    1.2468901E-12          0
      3268.831    1.7168671E-11    1.0349944E-12          0
      3271.500    1.6159130E-11    1.0611038E-12          0
      3274.170    2.2540863E-11    1.4885068E-12          0
      3276.839    2.0654310E-11    1.8811814E-12          0
      3279.509    1.7247094E-11    1.2991803E-12          0
      3282.178    1.7906857E-11    1.7717249E-12          0
      3284.847    1.3958535E-11    1.0228534E-12          0
      3287.517    1.3632171E-11    1.2636822E-12          0
      3290.186    1.3611071E-11    2.0381338E-12          0
      3292.855    1.7326812E-11    1.3499734E-12          0
      3295.524    1.7924490E-11    1.3964310E-12          0
      3298.194    1.8834777E-11    1.4845765E-12          0
      3300.863    1.7068116E-11    1.5621108E-12          0
      3303.532    2.3335379E-11    2.2623884E-12      -4096
      3306.202    2.2949486E-11    2.5423845E-12      -4096
      3308.871    2.3296235E-11    2.5531569E-12      -4096
      3311.540    2.4030196E-11    2.4756421E-12      -4096
      3314.209    1.9548077E-11    2.3716899E-12      -4096
      3316.879    2.0879866E-11    2.0539583E-12          0
      3319.548    1.8712145E-11    1.6946385E-12          0
      3322.217    1.8015945E-11    1.7592666E-12          0
      3324.887    1.4827353E-11    1.5199157E-12          0
      3327.556    1.8255713E-11    1.7735483E-12          0
      3330.225    2.9486281E-11    2.7085341E-12          0
      3332.895    3.0663819E-11    2.9992755E-12          0
      3335.564    2.8559863E-11    3.3179030E-12          0
      3338.233    4.2599212E-11    4.9497993E-12          0
      3340.902    4.6247589E-11    5.1229390E-12          0
      3343.572    4.0744259E-11    4.1199756E-12          0
      3346.241    4.0247850E-11    4.2192747E-12          0
      3348.910    2.0624199E-11    2.7525855E-12          0
