      1150.581    2.1040740E-09    1.3798995E-10          0
      1152.257    1.9693172E-09    1.2874413E-10          0
      1153.934    1.8582017E-09    1.2006572E-10          0
      1155.610    1.8989932E-09    1.1572648E-10          0
      1157.287    1.8874444E-09    1.0883298E-10          0
      1158.963    2.0773154E-09    1.4009674E-10          0
      1160.639    2.0158997E-09    9.8261350E-11          0
      1162.316    1.9590907E-09    9.2770867E-11          0
      1163.992    2.1879518E-09    9.6513929E-11          0
      1165.669    2.0805166E-09    9.0570003E-11          0
      1167.345    1.8642372E-09    8.3166515E-11          0
      1169.021    1.7878580E-09    7.8425766E-11          0
      1170.698    1.5797529E-09    7.1678448E-11          0
      1172.374    1.2614096E-09    6.3341048E-11          0
      1174.051    1.0733900E-09    5.7229100E-11          0
      1175.727    1.2157023E-09    5.7175330E-11          0
      1177.403    1.3989495E-09    5.8061514E-11          0
      1179.080    1.6081741E-09    5.9922498E-11          0
      1180.756    1.7155934E-09    5.9694874E-11          0
      1182.433    1.6752640E-09    5.7490984E-11          0
      1184.109    1.7658723E-09    5.7298572E-11          0
      1185.785    1.7266737E-09    5.5507383E-11      -4096
      1187.462    1.5211329E-09    5.2655932E-11      -4096
      1189.138    1.3419257E-09    4.8948436E-11      -4096
      1190.815    1.3830559E-09    5.5632506E-11      -4096
      1192.491    1.2637089E-09    5.4980145E-11      -4096
      1194.167    1.3403263E-09    5.2546929E-11      -4096
      1195.844    1.4230489E-09    5.0899018E-11      -4096
      1197.520    1.2283843E-09    4.4952261E-11      -4096
      1199.197    9.2651814E-10    3.5635134E-11          0
      1200.873    6.7358502E-10    3.0753729E-11          0
      1202.549    6.2150263E-10    2.9332321E-11          0
      1204.226    5.4198657E-10    2.7274861E-11          0
      1205.902    4.9266780E-10    2.5921805E-11          0
      1207.579    4.6930815E-10    2.5035545E-11          0
      1209.255    3.8276091E-10    2.2917978E-11          0
      1210.931    2.5410743E-10    1.9797535E-11          0
      1212.608    1.8056055E-10    1.7795428E-11          0
      1214.284    1.6462351E-10    1.7135552E-11          0
      1215.961    2.1542013E-10    1.7759755E-11          0
      1217.637    3.8466869E-10    2.0839743E-11          0
      1219.313    6.2014671E-10    2.4813868E-11          0
      1220.990    9.0492702E-10    2.9517725E-11          0
      1222.666    1.1430956E-09    3.4308691E-11          0
      1224.343    1.2976960E-09    3.7960603E-11          0
      1226.019    1.2779697E-09    3.6929598E-11          0
      1227.695    1.4183976E-09    4.0682676E-11          0
      1229.372    1.4988168E-09    4.2496465E-11          0
      1231.048    1.5502194E-09    4.3600977E-11          0
      1232.725    1.5507070E-09    4.3424278E-11          0
      1234.401    1.5668307E-09    4.4002857E-11          0
      1236.077    1.5593795E-09    4.3813897E-11          0
      1237.754    1.7469826E-09    4.9333090E-11      -1280
      1239.430    1.9033917E-09    5.3374007E-11      -1280
      1241.107    2.3185847E-09    6.4771875E-11      -1280
      1242.783    2.0967701E-09    5.9048676E-11       -256
      1244.459    1.9238344E-09    5.4428333E-11       -288
      1246.136    1.9451087E-09    5.6427679E-11       -288
      1247.812    1.8170457E-09    5.1124355E-11       -256
      1249.489    1.8230805E-09    5.1945545E-11       -256
      1251.165    2.0758175E-09    5.8241217E-11       -256
      1252.841    1.9693869E-09    5.5257535E-11      -1280
      1254.518    2.0451323E-09    5.8370898E-11      -1280
      1256.194    2.0416997E-09    5.7663235E-11      -1280
      1257.871    1.7714592E-09    5.0017872E-11      -1280
      1259.547    1.9448971E-09    5.5211963E-11      -1280
      1261.223    1.8871147E-09    5.3644665E-11      -1280
      1262.900    2.0005078E-09    5.7023115E-11      -1280
      1264.576    2.0538253E-09    5.8134993E-11      -1280
      1266.253    2.1054978E-09    6.0208880E-11      -1280
      1267.929    2.1336120E-09    6.0728159E-11      -1280
      1269.605    2.1021367E-09    5.9632563E-11      -1280
      1271.282    2.1759365E-09    6.1150501E-11      -1280
      1272.958    2.0986035E-09    5.9305158E-11      -1280
      1274.635    1.9141453E-09    5.4390700E-11       -256
      1276.311    2.0104780E-09    5.7132479E-11       -256
      1277.987    2.2740247E-09    6.4135058E-11       -256
      1279.664    2.1269979E-09    6.0953874E-11       -256
      1281.340    2.0970852E-09    5.9468083E-11      -1280
      1283.017    2.0108082E-09    5.7245802E-11      -1280
      1284.693    2.0785440E-09    5.9059146E-11       -288
      1286.369    1.9823503E-09    5.7572291E-11       -288
      1288.046    2.0369986E-09    5.8371113E-11       -256
      1289.722    1.8866388E-09    5.3616254E-11       -256
      1291.399    1.7525640E-09    4.9953729E-11       -256
      1293.075    1.6487191E-09    4.7214611E-11       -256
      1294.751    1.4827493E-09    4.2795857E-11          0
      1296.428    1.5576473E-09    4.4384434E-11          0
      1298.104    1.3767540E-09    4.0172650E-11          0
      1299.781    1.3020841E-09    3.8205491E-11          0
      1301.457    1.3497943E-09    3.9502821E-11          0
      1303.133    1.5416012E-09    4.4267159E-11      -1280
      1304.810    1.7309476E-09    4.9956633E-11      -1280
      1306.486    2.1187898E-09    6.0267770E-11      -1280
      1308.163    2.1450004E-09    6.0649770E-11      -1280
      1309.839    2.2124975E-09    6.3477577E-11      -1280
      1311.515    2.2127999E-09    6.3897096E-11      -1280
      1313.192    2.1465603E-09    6.0947011E-11      -1280
      1314.868    2.2043791E-09    6.3472047E-11      -1280
      1316.545    2.2522648E-09    6.3797863E-11      -1280
      1318.221    2.1931130E-09    6.2627903E-11      -4352
      1319.897    2.1783144E-09    6.2120011E-11      -4352
      1321.574    2.0700777E-09    6.1338240E-11      -4480
      1323.250    1.9735096E-09    5.8376665E-11      -4480
      1324.927    1.9485507E-09    5.7881245E-11      -4352
      1326.603    1.8803505E-09    5.4352620E-11      -4352
      1328.279    1.9572095E-09    5.5507928E-11       -256
      1329.956    1.9924382E-09    5.6946073E-11       -256
      1331.632    1.8209946E-09    5.2006212E-11          0
      1333.309    1.6932008E-09    4.8398317E-11          0
      1334.985    1.7162357E-09    4.9050222E-11          0
      1336.661    2.1282340E-09    6.0390380E-11          0
      1338.338    1.9979296E-09    5.7013630E-11          0
      1340.014    1.8542283E-09    5.2766048E-11          0
      1341.691    1.8552720E-09    5.2494103E-11          0
      1343.367    1.8499728E-09    5.1856876E-11          0
      1345.043    1.9249657E-09    5.4565977E-11      -1280
      1346.720    2.1457267E-09    6.0599907E-11      -1280
      1348.396    2.3442082E-09    6.5044484E-11          0
      1350.073    2.1556628E-09    6.0636537E-11          0
      1351.749    2.0697277E-09    5.8436839E-11          0
      1353.425    2.0634878E-09    5.8099064E-11          0
      1355.102    2.1478950E-09    6.0758759E-11          0
      1356.778    2.1628346E-09    6.1150127E-11          0
      1358.455    2.0336737E-09    5.7344952E-11          0
      1360.131    2.1083182E-09    5.8935690E-11          0
      1361.807    2.0162638E-09    5.6816579E-11          0
      1363.484    1.9954223E-09    5.5793453E-11          0
      1365.160    2.1111368E-09    5.9044609E-11          0
      1366.837    2.0166027E-09    5.6252055E-11          0
      1368.513    2.1254372E-09    5.8985872E-11          0
      1370.189    2.1199569E-09    5.9194288E-11          0
      1371.866    1.8780069E-09    5.2324721E-11          0
      1373.542    1.7107552E-09    4.6892840E-11          0
      1375.219    1.7201914E-09    4.7876241E-11          0
      1376.895    1.8186238E-09    5.1201439E-11          0
      1378.571    1.6528792E-09    4.5639784E-11          0
      1380.248    1.7246617E-09    4.7239896E-11          0
      1381.924    1.7042803E-09    4.7057379E-11          0
      1383.601    1.6791659E-09    4.6644761E-11          0
      1385.277    1.6144012E-09    4.4352813E-11          0
      1386.953    1.4789336E-09    4.0936678E-11          0
      1388.630    1.2800032E-09    3.6624242E-11          0
      1390.306    9.8134723E-10    2.9475526E-11          0
      1391.983    8.9421748E-10    2.7623905E-11          0
      1393.659    9.5411867E-10    2.9232856E-11          0
      1395.335    1.2085291E-09    3.4730639E-11          0
      1397.012    1.2613349E-09    3.5647735E-11          0
      1398.688    1.2500209E-09    3.5650569E-11          0
      1400.365    1.1158028E-09    3.2689681E-11          0
      1402.041    1.1485234E-09    3.3584972E-11          0
      1403.717    1.4513015E-09    4.0410158E-11          0
      1405.394    1.6898366E-09    4.6056940E-11        -32
      1407.070    1.6763265E-09    4.7266288E-11        -32
      1408.747    1.6982361E-09    4.5808152E-11          0
      1410.423    1.6751336E-09    4.5089862E-11          0
      1412.099    1.7357316E-09    4.6345924E-11          0
      1413.776    1.6594577E-09    4.4515322E-11          0
      1415.452    1.6072689E-09    4.3319692E-11          0
      1417.129    1.6050826E-09    4.3409540E-11          0
      1418.805    1.6234774E-09    4.3339613E-11          0
      1420.481    1.7101962E-09    4.5225677E-11          0
      1422.158    1.7119623E-09    4.5356895E-11          0
      1423.834    1.7236761E-09    4.5307449E-11          0
      1425.511    1.6607079E-09    4.3768510E-11          0
      1427.187    1.6580480E-09    4.3709293E-11          0
      1428.863    1.7305254E-09    4.5646750E-11          0
      1430.540    1.7451700E-09    4.5873586E-11          0
      1432.216    1.7577867E-09    4.5731807E-11          0
      1433.893    1.6359866E-09    4.2859154E-11          0
      1435.569    1.6063750E-09    4.2423967E-11          0
      1437.245    1.7208247E-09    4.4576707E-11          0
      1438.922    1.8253522E-09    4.6563434E-11          0
      1440.598    1.8057247E-09    4.5994934E-11          0
      1442.275    1.8152054E-09    4.5984289E-11          0
      1443.951    1.7085836E-09    4.3775126E-11          0
      1445.627    1.6715870E-09    4.3080865E-11          0
      1447.304    1.7991006E-09    4.5294948E-11          0
      1448.980    1.8073285E-09    4.5323960E-11          0
      1450.657    1.7956194E-09    4.5095400E-11          0
      1452.333    1.7939111E-09    4.4788191E-11          0
      1454.009    1.7293146E-09    4.3573027E-11          0
      1455.686    1.8332108E-09    4.5361805E-11          0
      1457.362    1.7919231E-09    4.4387265E-11          0
      1459.039    1.8569432E-09    4.5778978E-11          0
      1460.715    1.8180901E-09    4.4979170E-11          0
      1462.391    1.7398724E-09    4.3487238E-11          0
      1464.068    1.5761602E-09    4.0062297E-11          0
      1465.744    1.5221474E-09    3.8829683E-11          0
      1467.421    1.5145445E-09    3.8610632E-11          0
      1469.097    1.5224402E-09    3.8639262E-11          0
      1470.773    1.5358487E-09    3.8743307E-11          0
      1472.450    1.5224260E-09    3.8457546E-11          0
      1474.126    1.5317075E-09    3.8294496E-11          0
      1475.803    1.6296324E-09    3.9999191E-11          0
      1477.479    1.6438673E-09    4.0021059E-11          0
      1479.156    1.5856143E-09    3.9281613E-11          0
      1480.832    1.5746418E-09    3.8671594E-11          0
      1482.508    1.5257661E-09    3.7743229E-11          0
      1484.185    1.5516016E-09    3.8255610E-11          0
      1485.861    1.6283750E-09    3.9426292E-11          0
      1487.537    1.7441503E-09    4.0971407E-11          0
      1489.214    1.6162971E-09    3.8882935E-11          0
      1490.890    1.6006066E-09    3.8600616E-11          0
      1492.567    1.4570369E-09    3.6451914E-11          0
      1494.243    1.5139980E-09    3.7129681E-11          0
      1495.919    1.4245061E-09    3.5696352E-11          0
      1497.596    1.3942076E-09    3.5379966E-11          0
      1499.272    1.2317921E-09    3.2821718E-11          0
      1500.949    1.2860436E-09    3.3583258E-11          0
      1502.625    1.3140401E-09    3.4024780E-11          0
      1504.302    1.4025393E-09    3.5325982E-11          0
      1505.978    1.4992017E-09    3.6839462E-11          0
      1507.654    1.4016961E-09    3.5032695E-11          0
      1509.331    1.2917789E-09    3.3329006E-11          0
      1511.007    1.2523169E-09    3.2621527E-11          0
      1512.683    1.2011945E-09    3.1812650E-11          0
      1514.360    1.1624047E-09    3.1159270E-11          0
      1516.036    1.2411595E-09    3.2414058E-11          0
      1517.713    1.2921638E-09    3.3122144E-11          0
      1519.389    1.3215945E-09    3.3482453E-11          0
      1521.065    1.3175313E-09    3.3410032E-11          0
      1522.742    1.1751543E-09    3.1293256E-11          0
      1524.418    1.1269956E-09    3.0516308E-11          0
      1526.095    1.1555475E-09    3.0891824E-11          0
      1527.771    1.2164277E-09    3.1795639E-11          0
      1529.448    1.1012109E-09    3.0034353E-11          0
      1531.124    1.0265575E-09    2.8797287E-11          0
      1532.800    9.8698683E-10    2.8189260E-11          0
      1534.477    1.0370197E-09    2.8907321E-11          0
      1536.153    9.5577879E-10    2.7588990E-11          0
      1537.829    9.5483244E-10    2.7527728E-11          0
      1539.506    8.6186364E-10    2.6025357E-11          0
      1541.182    7.6751394E-10    2.4415284E-11          0
      1542.859    6.1170452E-10    2.1830451E-11          0
      1544.535    5.6975680E-10    2.0986156E-11          0
      1546.211    5.9760963E-10    2.1371229E-11          0
      1547.888    7.7516898E-10    2.4268339E-11          0
      1549.564    9.2489416E-10    2.6500033E-11          0
      1551.241    1.0960882E-09    2.8867611E-11          0
      1552.917    1.1463871E-09    2.9502401E-11          0
      1554.594    1.0923489E-09    2.8648969E-11          0
      1556.270    1.1222550E-09    2.8940629E-11          0
      1557.946    1.1393378E-09    2.9150706E-11          0
      1559.623    1.1233875E-09    2.8906762E-11          0
      1561.299    1.1019832E-09    2.8475628E-11          0
      1562.975    1.0854985E-09    2.8349293E-11          0
      1564.652    1.0776497E-09    2.8137473E-11          0
      1566.328    1.1163467E-09    2.8601503E-11          0
      1568.005    1.1767165E-09    2.9128040E-11          0
      1569.681    1.1558667E-09    2.8702235E-11          0
      1571.357    1.1550374E-09    2.8625345E-11          0
      1573.034    1.1804104E-09    2.8681070E-11          0
      1574.710    1.1531821E-09    2.8245297E-11          0
      1576.387    1.1634669E-09    2.8323838E-11          0
      1578.063    1.1867595E-09    2.8602024E-11          0
      1579.740    1.1351502E-09    2.7864704E-11          0
      1581.416    1.1584541E-09    2.8010995E-11          0
      1583.092    1.2400948E-09    2.9034756E-11          0
      1584.769    1.3317679E-09    3.0050053E-11          0
      1586.445    1.3964018E-09    3.0747363E-11          0
      1588.121    1.3876671E-09    3.0405452E-11          0
      1589.798    1.2330698E-09    2.8441418E-11          0
      1591.474    1.1541837E-09    2.7424920E-11          0
      1593.151    1.1327516E-09    2.7226152E-11          0
      1594.827    1.1152943E-09    2.6929462E-11          0
      1596.503    1.1633994E-09    2.7468987E-11          0
      1598.180    1.1935984E-09    2.7719955E-11          0
      1599.856    1.1256883E-09    2.6787898E-11          0
      1601.533    1.1125365E-09    2.6525854E-11          0
      1603.209    1.1386093E-09    2.6686736E-11          0
      1604.885    1.1653684E-09    2.6825812E-11          0
      1606.562    1.0832375E-09    2.5826475E-11          0
      1608.238    1.1214716E-09    2.6116206E-11          0
      1609.915    1.1346484E-09    2.6180979E-11          0
      1611.591    1.1737625E-09    2.6532146E-11          0
      1613.267    1.2398181E-09    2.7251991E-11          0
      1614.944    1.2838957E-09    2.7562402E-11          0
      1616.620    1.1889526E-09    2.6406108E-11          0
      1618.297    1.1924134E-09    2.6447010E-11          0
      1619.973    1.1760757E-09    2.6195403E-11          0
      1621.649    1.2062974E-09    2.6394796E-11          0
      1623.326    1.2397364E-09    2.6652123E-11          0
      1625.002    1.2637421E-09    2.6826425E-11          0
      1626.679    1.2212323E-09    2.6273478E-11          0
      1628.355    1.1471319E-09    2.5024139E-11          0
      1630.031    1.2503343E-09    2.6024162E-11          0
      1631.708    1.2443825E-09    2.5849283E-11          0
      1633.384    1.3446062E-09    2.7100724E-11          0
      1635.061    1.3827849E-09    2.7417133E-11          0
      1636.737    1.4091064E-09    2.7578126E-11          0
      1638.413    1.3681474E-09    2.6917841E-11          0
      1640.090    1.3146225E-09    2.6187916E-11          0
      1641.766    1.3712294E-09    2.6638620E-11          0
      1643.443    1.4102474E-09    2.7071522E-11          0
      1645.119    1.5176642E-09    2.8162696E-11          0
      1646.795    1.4898267E-09    2.7677511E-11          0
      1648.472    1.4092589E-09    2.6527556E-11          0
      1650.148    1.3577915E-09    2.5890309E-11          0
      1651.825    1.3385115E-09    2.5561483E-11          0
      1653.501    1.3536732E-09    2.5820006E-11          0
      1655.177    1.3541781E-09    2.5740245E-11      -4096
      1656.854    1.3380123E-09    2.5903425E-11      -4096
      1658.530    1.3135520E-09    2.6378628E-11      -4096
      1660.207    1.2767948E-09    2.5030327E-11      -4096
      1661.883    1.3124798E-09    2.4915214E-11      -4096
      1663.559    1.2998840E-09    2.4349614E-11          0
      1665.236    1.3953969E-09    2.5236943E-11          0
      1666.912    1.3750192E-09    2.4874620E-11          0
      1668.589    1.3450584E-09    2.4622398E-11          0
      1670.265    1.2684422E-09    2.3703133E-11          0
      1671.941    1.3098761E-09    2.3946777E-11          0
      1673.618    1.3777208E-09    2.4547650E-11          0
      1675.294    1.4209461E-09    2.4824347E-11          0
      1676.971    1.4690945E-09    2.5197185E-11          0
      1678.647    1.5224587E-09    2.5591926E-11          0
      1680.323    1.4611500E-09    2.4828199E-11          0
      1682.000    1.4322394E-09    2.4386680E-11          0
      1683.676    1.3815862E-09    2.3674826E-11          0
      1685.353    1.3897593E-09    2.3584875E-11          0
      1687.029    1.3611240E-09    2.3180137E-11          0
      1688.705    1.3750460E-09    2.3299439E-11          0
      1690.382    1.3276226E-09    2.2644109E-11          0
      1692.058    1.2738994E-09    2.1987691E-11          0
      1693.735    1.2434977E-09    2.1575955E-11          0
      1695.411    1.2335039E-09    2.1330869E-11          0
      1697.087    1.2962648E-09    2.1856473E-11          0
      1698.764    1.2711008E-09    2.1440322E-11          0
      1700.440    1.2258090E-09    2.0867896E-11          0
      1702.117    1.1975245E-09    2.0474811E-11          0
      1703.793    1.2048116E-09    2.0410059E-11          0
      1705.469    1.1792159E-09    1.9953610E-11          0
      1707.146    1.1274498E-09    1.9381840E-11          0
      1708.822    1.1480915E-09    1.9406025E-11          0
      1710.499    1.1216724E-09    1.9084456E-11          0
      1712.175    1.1587072E-09    1.9252634E-11          0
      1713.851    1.0901733E-09    1.8575076E-11          0
      1715.528    1.0071206E-09    1.7766209E-11          0
      1717.204    9.5480179E-10    1.7163607E-11          0
      1718.881    9.3810271E-10    1.7016746E-11          0
      1720.557    9.5357466E-10    1.7010022E-11          0
      1722.233    1.0130211E-09    1.7423316E-11          0
      1723.910    1.1193652E-09    1.8045456E-11          0
      1725.586    1.1939373E-09    1.8579967E-11          0
      1727.263    1.1612576E-09    1.8126558E-11          0
      1728.939    1.1767884E-09    1.8184910E-11          0
      1730.615    1.1843279E-09    1.8191811E-11          0
      1732.292    1.2356924E-09    1.8588089E-11          0
      1733.968    1.2787900E-09    1.8831700E-11          0
      1735.645    1.2429574E-09    1.8296377E-11          0
      1737.321    1.1691277E-09    1.7461329E-11          0
      1738.997    1.1210440E-09    1.7046992E-11          0
      1740.674    1.1238230E-09    1.6923884E-11          0
      1742.350    1.1363183E-09    1.6998989E-11          0
      1744.027    1.1160803E-09    1.6636295E-11          0
      1745.703    1.0803973E-09    1.6194579E-11          0
      1747.379    1.0478647E-09    1.5827237E-11          0
      1749.056    1.0718804E-09    1.5932056E-11          0
      1750.732    1.1372292E-09    1.6406862E-11          0
      1752.409    1.2474649E-09    1.7591950E-11          0
      1754.085    1.2611281E-09    1.7488599E-11          0
      1755.761    1.3056649E-09    1.7928799E-11          0
      1757.438    1.3110344E-09    1.7930621E-11          0
      1759.114    1.2869001E-09    1.7561100E-11          0
      1760.791    1.2830218E-09    1.7241063E-11          0
      1762.467    1.2475845E-09    1.6948765E-11          0
      1764.143    1.2861643E-09    1.7316707E-11          0
      1765.820    1.2511995E-09    1.6731797E-11          0
      1767.496    1.1593173E-09    1.5623891E-11          0
      1769.173    1.0894382E-09    1.4888098E-11          0
      1770.849    1.0565419E-09    1.4542391E-11          0
      1772.525    1.0738247E-09    1.4577195E-11          0
      1774.202    1.0788413E-09    1.4531421E-11          0
      1775.878    1.1378543E-09    1.5036312E-11          0
      1777.555    1.2303736E-09    1.6026482E-11          0
      1779.231    1.2248305E-09    1.5798288E-11          0
      1780.907    1.2665426E-09    1.6469503E-11          0
      1782.584    1.2593361E-09    1.6184854E-11      -4096
      1784.260    1.2216255E-09    1.6203653E-11      -4096
      1785.937    1.1755453E-09    1.6937125E-11      -4096
      1787.613    1.1456324E-09    1.8006307E-11      -4096
      1789.289    1.1392496E-09    1.8957202E-11      -4096
      1790.966    1.1239604E-09    1.8599606E-11      -4096
      1792.642    1.1426368E-09    1.7764710E-11      -4096
      1794.319    1.2485489E-09    1.6881831E-11      -4096
      1795.995    1.2866116E-09    1.6315485E-11          0
      1797.671    1.2959421E-09    1.6623642E-11          0
      1799.348    1.2658796E-09    1.6067248E-11          0
      1801.024    1.2580653E-09    1.5820720E-11          0
      1802.701    1.2117416E-09    1.5192679E-11          0
      1804.377    1.1809448E-09    1.4615177E-11          0
      1806.053    1.1552019E-09    1.4407600E-11          0
      1807.730    1.1307146E-09    1.3836228E-11          0
      1809.406    1.1173270E-09    1.3597827E-11          0
      1811.083    1.1281452E-09    1.3475813E-11          0
      1812.759    1.1300509E-09    1.3501920E-11          0
      1814.435    1.1334924E-09    1.3432882E-11          0
      1816.112    1.1486080E-09    1.3632701E-11          0
      1817.788    1.1054341E-09    1.2825420E-11          0
      1819.465    1.0916199E-09    1.2643013E-11          0
      1821.141    1.1165722E-09    1.3023142E-11          0
      1822.817    1.0870383E-09    1.2592969E-11          0
      1824.494    1.0944601E-09    1.2591224E-11          0
      1826.170    1.1013142E-09    1.2718770E-11          0
      1827.847    1.1429807E-09    1.3268558E-11          0
      1829.523    1.1404574E-09    1.3184073E-11          0
      1831.199    1.1312109E-09    1.2735355E-11          0
      1832.876    1.1175910E-09    1.2520969E-11          0
      1834.552    1.1019727E-09    1.2295721E-11          0
      1836.229    1.0534227E-09    1.1528295E-11          0
      1837.905    1.0118966E-09    1.1110685E-11          0
      1839.581    9.3516161E-10    1.0188012E-11          0
      1841.258    8.6887303E-10    9.6683017E-12          0
      1842.934    7.9494378E-10    9.3226997E-12          0
      1844.611    7.8558388E-10    9.2664765E-12          0
      1846.287    7.8954487E-10    9.2199538E-12          0
      1847.963    7.8058898E-10    9.0394003E-12          0
      1849.640    7.9317952E-10    9.0143388E-12          0
      1851.316    8.0452400E-10    9.0223324E-12          0
      1852.993    8.2374985E-10    9.0390091E-12          0
      1854.669    8.5926960E-10    9.2078220E-12          0
      1856.345    9.0170016E-10    9.4513789E-12          0
      1858.022    9.2823998E-10    9.6777230E-12          0
      1859.698    9.0820390E-10    9.4499226E-12          0
      1861.375    8.8545798E-10    9.2936639E-12          0
      1863.051    8.8634045E-10    9.1664861E-12          0
      1864.727    9.3281816E-10    9.6072360E-12          0
      1866.404    9.6043229E-10    9.6981962E-12          0
      1868.080    9.7966824E-10    9.8544992E-12          0
      1869.757    9.7535813E-10    9.7408297E-12          0
      1871.433    9.9190112E-10    9.9359375E-12          0
      1873.109    1.0189467E-09    1.0090487E-11          0
      1874.786    1.0128179E-09    9.9935988E-12          0
      1876.462    9.9085551E-10    9.7551602E-12          0
      1878.139    9.1008795E-10    9.0993966E-12          0
      1879.815    8.4374646E-10    8.8047503E-12          0
      1881.491    7.8228302E-10    8.6086667E-12          0
      1883.168    7.5353090E-10    8.5167559E-12          0
      1884.844    7.4150275E-10    8.5065011E-12          0
      1886.521    7.3008594E-10    8.4670344E-12          0
      1888.197    7.0544448E-10    8.4526943E-12          0
      1889.873    6.8698730E-10    8.4491658E-12          0
      1891.550    6.5931383E-10    8.4114903E-12          0
      1893.226    6.8034556E-10    8.4405087E-12          0
      1894.903    7.4207729E-10    8.5283855E-12          0
      1896.579    8.0288398E-10    8.6708097E-12          0
      1898.255    8.2234619E-10    8.7916749E-12          0
      1899.932    8.0446838E-10    8.7542881E-12          0
      1901.608    7.8792101E-10    8.7436369E-12          0
      1903.285    7.8929507E-10    8.7527112E-12          0
      1904.961    8.0995399E-10    8.8413148E-12          0
      1906.637    8.2850082E-10    8.9381367E-12          0
      1908.314    8.3566076E-10    8.9198319E-12          0
      1909.990    8.2186880E-10    8.9021126E-12          0
      1911.667    7.7763601E-10    8.8159514E-12          0
      1913.343    7.2892775E-10    8.6746920E-12      -4096
      1915.019    6.8515693E-10    8.7072259E-12      -4096
      1916.696    6.8282341E-10    8.7991290E-12      -4096
      1918.372    7.0103717E-10    8.8223318E-12      -4096
      1920.049    7.0976369E-10    9.3402733E-12      -4096
      1921.725    7.0488543E-10    9.3393817E-12      -4096
      1923.401    6.5984052E-10    9.2675789E-12      -4096
      1925.078    6.2562544E-10    8.8813219E-12      -4096
      1926.754    6.2302952E-10    8.7358055E-12      -4096
      1928.431    6.5154881E-10    8.6089321E-12          0
      1930.107    7.1783984E-10    8.8144630E-12          0
      1931.783    8.0711171E-10    9.0975665E-12          0
      1933.460    8.3673835E-10    9.2218802E-12          0
      1935.136    8.2200419E-10    9.1871103E-12          0
      1936.813    7.9196999E-10    9.0886326E-12          0
      1938.489    7.6786150E-10    8.9518592E-12          0
      1940.165    7.7455031E-10    8.9860411E-12          0
      1941.842    8.0523266E-10    9.1053354E-12          0
      1943.518    8.2184343E-10    9.2151321E-12          0
      1945.195    8.1815971E-10    9.2084847E-12          0
      1946.871    7.8845908E-10    9.1299798E-12          0
      1948.547    7.3060558E-10    8.9356300E-12          0
      1950.224    6.8572115E-10    8.7634353E-12          0
      1951.900    6.4247052E-10    8.5703536E-12          0
      1953.577    6.3264127E-10    8.4685375E-12          0
      1955.253    6.4035843E-10    8.5172529E-12          0
      1956.929    6.3370781E-10    8.4720373E-12          0
      1958.606    6.4576366E-10    8.6134893E-12          0
      1960.282    6.5046618E-10    8.6495195E-12          0
      1961.959    6.7732397E-10    8.7866650E-12          0
      1963.635    7.2016798E-10    8.9113404E-12          0
      1965.311    7.8334628E-10    9.2160489E-12          0
      1966.988    8.4261437E-10    9.4903954E-12          0
      1968.664    8.9301966E-10    9.8380878E-12          0
      1970.341    9.1899655E-10    9.9833067E-12          0
      1972.017    9.2848135E-10    1.0101598E-11          0
      1973.693    9.2483504E-10    1.0158081E-11          0
      1975.370    9.0455299E-10    1.0106387E-11          0
      1977.046    8.6322133E-10    9.9887997E-12          0
      1978.723    8.2127172E-10    9.6683052E-12          0
