      1150.581    3.8913039E-12    1.2971221E-12          0
      1152.257    4.5764759E-12    1.1052417E-12          0
      1153.934    4.8846040E-12    1.0263084E-12          0
      1155.610    5.0661736E-12    9.6488041E-13          0
      1157.287    5.6268930E-12    9.1286126E-13          0
      1158.963    3.8600642E-12    1.2606129E-12          0
      1160.639    4.7499552E-12    7.6153054E-13          0
      1162.316    5.1526977E-12    7.2715201E-13          0
      1163.992    5.5808743E-12    7.1195713E-13          0
      1165.669    5.4857694E-12    6.6985594E-13          0
      1167.345    4.7819769E-12    6.1952581E-13          0
      1169.021    4.4502106E-12    5.7808825E-13          0
      1170.698    3.5355315E-12    5.3044781E-13          0
      1172.374    3.8075441E-12    5.0217789E-13          0
      1174.051    2.4064919E-12    4.4497809E-13          0
      1175.727    2.6703078E-12    6.3933835E-13          0
      1177.403    3.6576740E-12    4.2094109E-13          0
      1179.080    5.0800358E-12    4.3014710E-13          0
      1180.756    4.7606606E-12    4.3938578E-13          0
      1182.433    4.6794283E-12    3.8562231E-13          0
      1184.109    5.3716740E-12    3.8707777E-13          0
      1185.785    5.2554597E-12    3.6439439E-13          0
      1187.462    4.6127616E-12    5.1578858E-13      -4096
      1189.138    3.3842345E-12    3.2057893E-13      -4096
      1190.815    3.4766380E-12    3.2521682E-13      -4096
      1192.491    3.5246281E-12    4.7263072E-13      -4096
      1194.167    4.3066969E-12    3.7567798E-13      -4096
      1195.844    4.3355788E-12    4.6781486E-13      -4096
      1197.520    2.9188030E-12    2.7777905E-13      -4096
      1199.197    2.3538042E-12    2.6059826E-13      -4096
      1200.873    1.7641085E-12    2.2189878E-13          0
      1202.549    9.8215576E-13    2.0063442E-13          0
      1204.226    7.7810544E-13    1.9228118E-13          0
      1205.902    8.8626811E-13    1.8923430E-13        -32
      1207.579    1.8464449E-12    2.2409609E-13        -32
      1209.255    1.5923132E-12    2.1116019E-13          0
      1210.931    2.1674388E-12    1.9880258E-13          0
      1212.608    2.4274385E-12    1.9927912E-13          0
      1214.284    2.9110776E-12    2.0333519E-13          0
      1215.961    2.9863683E-12    2.3885340E-13          0
      1217.637    2.4749603E-12    1.8662756E-13        -32
      1219.313    1.8342123E-12    1.7132335E-13        -32
      1220.990    1.3582038E-12    1.5959227E-13          0
      1222.666    1.5026678E-12    1.5998537E-13          0
      1224.343    2.2058061E-12    1.7009988E-13          0
      1226.019    2.9271843E-12    1.8320861E-13          0
      1227.695    3.3987561E-12    1.9031711E-13          0
      1229.372    4.0230462E-12    2.0114310E-13          0
      1231.048    5.0640620E-12    2.2185656E-13          0
      1232.725    5.7300748E-12    2.2762521E-13          0
      1234.401    5.3911589E-12    2.1883595E-13          0
      1236.077    6.4033778E-12    2.3474677E-13          0
      1237.754    6.9277570E-12    2.4251041E-13          0
      1239.430    7.7784680E-12    2.5654259E-13          0
      1241.107    8.5258649E-12    2.6994636E-13          0
      1242.783    8.9608911E-12    2.7749680E-13          0
      1244.459    8.5847458E-12    2.7050012E-13          0
      1246.136    7.3445312E-12    2.4562722E-13          0
      1247.812    7.1306971E-12    2.4136956E-13          0
      1249.489    7.6314025E-12    2.5224094E-13          0
      1251.165    7.3671338E-12    2.4554835E-13          0
      1252.841    8.0256609E-12    2.5471463E-13          0
      1254.518    8.2407839E-12    2.5843444E-13          0
      1256.194    7.6170259E-12    2.4756784E-13          0
      1257.871    6.7979533E-12    2.3175423E-13          0
      1259.547    6.3227067E-12    2.2229862E-13          0
      1261.223    6.3032500E-12    2.2019413E-13          0
      1262.900    7.2851837E-12    2.3955303E-13          0
      1264.576    8.4581153E-12    2.6639075E-13          0
      1266.253    8.9288932E-12    2.7391598E-13          0
      1267.929    9.5774361E-12    2.8686523E-13          0
      1269.605    9.5801526E-12    2.8895023E-13          0
      1271.282    9.4786869E-12    2.8412982E-13          0
      1272.958    8.5156066E-12    2.6183054E-13          0
      1274.635    8.8455389E-12    2.6834844E-13          0
      1276.311    8.5516854E-12    2.6263261E-13          0
      1277.987    9.0154021E-12    2.7390235E-13          0
      1279.664    9.6604096E-12    2.8580938E-13          0
      1281.340    9.6098624E-12    2.8723692E-13          0
      1283.017    9.7232907E-12    2.8908023E-13          0
      1284.693    8.7181234E-12    2.6555507E-13          0
      1286.369    9.0879118E-12    2.7277570E-13          0
      1288.046    8.9882156E-12    2.7182870E-13          0
      1289.722    9.2498864E-12    2.7797643E-13          0
      1291.399    7.7552183E-12    2.4599558E-13          0
      1293.075    7.8788920E-12    2.4645601E-13          0
      1294.751    6.8021738E-12    2.2549665E-13          0
      1296.428    6.9042940E-12    2.2795069E-13          0
      1298.104    6.9198050E-12    2.2723212E-13          0
      1299.781    6.1235448E-12    2.1071727E-13          0
      1301.457    5.5243600E-12    1.9883037E-13          0
      1303.133    6.5868634E-12    2.1956392E-13          0
      1304.810    8.9051726E-12    2.7220305E-13          0
      1306.486    1.0353877E-11    3.0512677E-13          0
      1308.163    1.2241413E-11    3.5161541E-13          0
      1309.839    1.1023623E-11    3.2316993E-13          0
      1311.515    1.0927893E-11    3.1765389E-13          0
      1313.192    1.0637191E-11    3.1270808E-13          0
      1314.868    1.0371951E-11    3.0441334E-13          0
      1316.545    1.1993355E-11    3.4321862E-13          0
      1318.221    1.1651078E-11    3.3684440E-13          0
      1319.897    1.1636243E-11    3.3570182E-13      -4096
      1321.574    1.1044290E-11    3.3477255E-13      -4096
      1323.250    1.0397128E-11    3.2987128E-13      -4224
      1324.927    9.6366396E-12    3.0861633E-13      -4224
      1326.603    9.7913266E-12    3.1438545E-13      -4224
      1328.279    8.9673659E-12    2.8204210E-13      -4096
      1329.956    7.7497496E-12    2.4509629E-13          0
      1331.632    5.7618433E-12    2.0452310E-13          0
      1333.309    6.5323701E-12    2.2197072E-13          0
      1334.985    9.9705374E-12    2.9951004E-13          0
      1336.661    1.3227306E-11    3.7887518E-13          0
      1338.338    1.3139245E-11    3.7661427E-13          0
      1340.014    1.1591642E-11    3.3707073E-13          0
      1341.691    9.6657170E-12    2.8890887E-13          0
      1343.367    9.9454316E-12    2.9771107E-13          0
      1345.043    1.0665785E-11    3.1473728E-13          0
      1346.720    1.1805319E-11    3.4061591E-13      -1280
      1348.396    1.3267856E-11    3.8100098E-13      -1280
      1350.073    1.3291807E-11    3.7804896E-13          0
      1351.749    1.2411491E-11    3.5694372E-13          0
      1353.425    1.3142280E-11    3.7685474E-13          0
      1355.102    1.2928273E-11    3.6973528E-13          0
      1356.778    1.3363094E-11    3.8113978E-13          0
      1358.455    1.2500219E-11    3.6120637E-13          0
      1360.131    1.2508159E-11    3.5911405E-13          0
      1361.807    1.1735581E-11    3.3888056E-13          0
      1363.484    1.2249498E-11    3.5239671E-13          0
      1365.160    1.2391681E-11    3.5833833E-13          0
      1366.837    1.2630929E-11    3.6608965E-13          0
      1368.513    1.2121255E-11    3.4679174E-13          0
      1370.189    1.3031888E-11    3.7031272E-13          0
      1371.866    1.2870803E-11    3.6853390E-13          0
      1373.542    1.1672768E-11    3.3740429E-13          0
      1375.219    1.1087878E-11    3.2739832E-13          0
      1376.895    1.1477999E-11    3.3723455E-13          0
      1378.571    1.1296466E-11    3.3084760E-13          0
      1380.248    1.0978276E-11    3.2256286E-13          0
      1381.924    1.1534650E-11    3.3541328E-13          0
      1383.601    1.0817544E-11    3.1856820E-13        -32
      1385.277    1.1222232E-11    3.3284847E-13        -32
      1386.953    1.1021710E-11    3.2589507E-13          0
      1388.630    9.1802971E-12    2.8736386E-13          0
      1390.306    6.2665212E-12    2.2865531E-13          0
      1391.983    5.5866249E-12    2.1412790E-13          0
      1393.659    8.6991378E-12    2.7826566E-13          0
      1395.335    1.0967488E-11    3.2758816E-13          0
      1397.012    9.3660453E-12    2.9131312E-13          0
      1398.688    7.2901468E-12    2.5043487E-13          0
      1400.365    6.8360031E-12    2.4248735E-13          0
      1402.041    9.4345582E-12    2.9454407E-13          0
      1403.717    1.3685146E-11    3.8503329E-13          0
      1405.394    1.3371733E-11    3.7820298E-13          0
      1407.070    1.2928933E-11    3.7040014E-13          0
      1408.747    1.3098784E-11    3.7602888E-13          0
      1410.423    1.4068228E-11    3.9456757E-13          0
      1412.099    1.3838253E-11    3.8934375E-13          0
      1413.776    1.2389230E-11    3.5777620E-13          0
      1415.452    1.2351025E-11    3.5709866E-13          0
      1417.129    1.1955905E-11    3.5017437E-13          0
      1418.805    1.1852195E-11    3.4563910E-13          0
      1420.481    1.2050200E-11    3.4941229E-13          0
      1422.158    1.2440055E-11    3.5867728E-13          0
      1423.834    1.3352903E-11    3.7762374E-13          0
      1425.511    1.3019428E-11    3.7080641E-13          0
      1427.187    1.3251150E-11    3.7552876E-13          0
      1428.863    1.3619195E-11    3.7991981E-13          0
      1430.540    1.4679039E-11    4.0178576E-13          0
      1432.216    1.4888262E-11    4.0668296E-13          0
      1433.893    1.4127949E-11    3.9064064E-13          0
      1435.569    1.3977869E-11    3.8671678E-13          0
      1437.245    1.4457744E-11    3.9629034E-13          0
      1438.922    1.4741101E-11    4.0218000E-13          0
      1440.598    1.4960238E-11    4.0490723E-13          0
      1442.275    1.4776945E-11    4.0051919E-13          0
      1443.951    1.4723037E-11    3.9854236E-13          0
      1445.627    1.4570784E-11    3.9571176E-13          0
      1447.304    1.5041293E-11    4.0413107E-13          0
      1448.980    1.4768424E-11    3.9790572E-13          0
      1450.657    1.5563110E-11    4.1104584E-13          0
      1452.333    1.4790353E-11    3.9642581E-13          0
      1454.009    1.4414359E-11    3.9071838E-13          0
      1455.686    1.4969500E-11    3.9874720E-13          0
      1457.362    1.5820003E-11    4.1347039E-13          0
      1459.039    1.5445161E-11    4.0712561E-13          0
      1460.715    1.5838218E-11    4.1212780E-13          0
      1462.391    1.5894092E-11    4.1383195E-13          0
      1464.068    1.4053340E-11    3.7723551E-13          0
      1465.744    1.3636732E-11    3.6791468E-13          0
      1467.421    1.2677741E-11    3.5128926E-13          0
      1469.097    1.3244012E-11    3.5996572E-13          0
      1470.773    1.3953633E-11    3.7076809E-13          0
      1472.450    1.3444874E-11    3.6084742E-13          0
      1474.126    1.3097338E-11    3.5444710E-13          0
      1475.803    1.3508629E-11    3.6021641E-13          0
      1477.479    1.4282765E-11    3.7209203E-13          0
      1479.156    1.3632710E-11    3.6120605E-13          0
      1480.832    1.2659758E-11    3.4500582E-13          0
      1482.508    1.2383389E-11    3.3974096E-13          0
      1484.185    1.3292215E-11    3.5354358E-13          0
      1485.861    1.3806563E-11    3.6113937E-13          0
      1487.537    1.5511904E-11    3.8778768E-13          0
      1489.214    1.5309566E-11    3.8397291E-13          0
      1490.890    1.4131303E-11    3.6596076E-13          0
      1492.567    1.3466099E-11    3.5320781E-13          0
      1494.243    1.3831931E-11    3.5840834E-13          0
      1495.919    1.3174556E-11    3.4801155E-13          0
      1497.596    1.2430709E-11    3.3603085E-13          0
      1499.272    1.1229268E-11    3.1652599E-13          0
      1500.949    1.1145183E-11    3.1641733E-13          0
      1502.625    1.1306688E-11    3.1769723E-13          0
      1504.302    1.2639834E-11    3.3860970E-13          0
      1505.978    1.3306977E-11    3.4791888E-13          0
      1507.654    1.3471928E-11    3.4932165E-13          0
      1509.331    1.2018679E-11    3.2677119E-13          0
      1511.007    1.0946519E-11    3.1073364E-13          0
      1512.683    1.1439630E-11    3.1735004E-13          0
      1514.360    1.1245070E-11    3.1424540E-13          0
      1516.036    1.1652654E-11    3.2073289E-13          0
      1517.713    1.2332493E-11    3.2941147E-13          0
      1519.389    1.3660060E-11    3.4836050E-13          0
      1521.065    1.3753626E-11    3.4997236E-13          0
      1522.742    1.2799321E-11    3.3654066E-13          0
      1524.418    1.1427742E-11    3.1573547E-13          0
      1526.095    1.0191638E-11    2.9682355E-13          0
      1527.771    1.0719191E-11    3.0433842E-13          0
      1529.448    1.0586179E-11    3.0235333E-13          0
      1531.124    9.9854300E-12    2.9281406E-13          0
      1532.800    1.0195251E-11    2.9524839E-13          0
      1534.477    1.0011238E-11    2.9019918E-13          0
      1536.153    1.0214223E-11    2.9240502E-13          0
      1537.829    8.7708868E-12    2.7048418E-13          0
      1539.506    8.7163792E-12    2.6928533E-13          0
      1541.182    8.4163536E-12    2.6427309E-13          0
      1542.859    6.4962489E-12    2.3070844E-13          0
      1544.535    5.0989824E-12    2.0561615E-13          0
      1546.211    6.0615887E-12    2.2334124E-13          0
      1547.888    9.6855518E-12    2.8079226E-13          0
      1549.564    1.3595547E-11    3.3520162E-13          0
      1551.241    1.5822975E-11    3.6265693E-13          0
      1552.917    1.4531350E-11    3.4386518E-13          0
      1554.594    1.3291144E-11    3.2713442E-13          0
      1556.270    1.1873211E-11    3.0641638E-13          0
      1557.946    1.1036514E-11    2.9404479E-13          0
      1559.623    1.1058800E-11    2.9385676E-13          0
      1561.299    1.1641979E-11    3.0062712E-13          0
      1562.975    1.1606796E-11    3.0151397E-13          0
      1564.652    1.1886773E-11    3.0375981E-13          0
      1566.328    1.2186154E-11    3.0636325E-13          0
      1568.005    1.1844584E-11    3.0019485E-13          0
      1569.681    1.2196369E-11    3.0337899E-13          0
      1571.357    1.2621720E-11    3.0800755E-13          0
      1573.034    1.2687006E-11    3.0689980E-13          0
      1574.710    1.2669750E-11    3.0548201E-13          0
      1576.387    1.2393922E-11    3.0120562E-13          0
      1578.063    1.2186628E-11    2.9782389E-13          0
      1579.740    1.2327003E-11    2.9840204E-13          0
      1581.416    1.2648755E-11    3.0137695E-13          0
      1583.092    1.3928164E-11    3.1673484E-13          0
      1584.769    1.4728581E-11    3.2502622E-13          0
      1586.445    1.4388474E-11    3.2086627E-13          0
      1588.121    1.3843866E-11    3.1178207E-13          0
      1589.798    1.4320862E-11    3.1567338E-13          0
      1591.474    1.3542366E-11    3.0561157E-13          0
      1593.151    1.3449507E-11    3.0452293E-13          0
      1594.827    1.3575283E-11    3.0555246E-13          0
      1596.503    1.3058377E-11    2.9772655E-13          0
      1598.180    1.3309770E-11    2.9998817E-13          0
      1599.856    1.3058409E-11    2.9653713E-13          0
      1601.533    1.2188178E-11    2.8459201E-13          0
      1603.209    1.2114768E-11    2.8200440E-13          0
      1604.885    1.1840692E-11    2.7758367E-13          0
      1606.562    1.1252783E-11    2.7023644E-13          0
      1608.238    1.0648991E-11    2.6226701E-13          0
      1609.915    1.1786001E-11    2.7384532E-13          0
      1611.591    1.2324968E-11    2.7898032E-13          0
      1613.267    1.3310832E-11    2.8914417E-13          0
      1614.944    1.3988373E-11    2.9547437E-13          0
      1616.620    1.3460502E-11    2.8862177E-13          0
      1618.297    1.3168616E-11    2.8494348E-13          0
      1619.973    1.2889900E-11    2.8038189E-13          0
      1621.649    1.2354133E-11    2.7376078E-13          0
      1623.326    1.3371371E-11    2.8402202E-13          0
      1625.002    1.3835308E-11    2.8764439E-13          0
      1626.679    1.3402967E-11    2.8172104E-13          0
      1628.355    1.3227507E-11    2.7711999E-13          0
      1630.031    1.3355313E-11    2.7765469E-13          0
      1631.708    1.3892386E-11    2.8227068E-13          0
      1633.384    1.4768608E-11    2.9212480E-13          0
      1635.061    1.6343154E-11    3.0828156E-13          0
      1636.737    1.6305251E-11    3.0683897E-13          0
      1638.413    1.5820635E-11    2.9912536E-13          0
      1640.090    1.6159967E-11    3.0242966E-13          0
      1641.766    1.5739713E-11    2.9646633E-13          0
      1643.443    1.6614946E-11    3.0446536E-13          0
      1645.119    1.6506803E-11    3.0160030E-13          0
      1646.795    1.6601295E-11    3.0150280E-13          0
      1648.472    1.6149974E-11    2.9411689E-13          0
      1650.148    1.5661765E-11    2.8677947E-13          0
      1651.825    1.4548728E-11    2.7486024E-13          0
      1653.501    1.4351621E-11    2.7333447E-13          0
      1655.177    1.4538215E-11    2.7397114E-13          0
      1656.854    1.4512149E-11    2.7168833E-13      -4096
      1658.530    1.4587612E-11    2.7260494E-13      -4096
      1660.207    1.4838070E-11    2.7688415E-13      -4096
      1661.883    1.4868568E-11    2.7213515E-13      -4096
      1663.559    1.4912096E-11    2.7033749E-13      -4096
      1665.236    1.5259237E-11    2.7224417E-13          0
      1666.912    1.5156138E-11    2.6894144E-13          0
      1668.589    1.4321923E-11    2.5978097E-13          0
      1670.265    1.4088664E-11    2.5637522E-13          0
      1671.941    1.4382954E-11    2.5754534E-13          0
      1673.618    1.4704829E-11    2.5971307E-13          0
      1675.294    1.5468238E-11    2.6609026E-13          0
      1676.971    1.6476933E-11    2.7552627E-13          0
      1678.647    1.6553731E-11    2.7517187E-13          0
      1680.323    1.6835793E-11    2.7763328E-13          0
      1682.000    1.6487943E-11    2.7235638E-13          0
      1683.676    1.6024869E-11    2.6583355E-13          0
      1685.353    1.5773560E-11    2.6160939E-13          0
      1687.029    1.5402613E-11    2.5520151E-13          0
      1688.705    1.5201323E-11    2.5251275E-13          0
      1690.382    1.4526637E-11    2.4407977E-13          0
      1692.058    1.3872532E-11    2.3655324E-13          0
      1693.735    1.3745592E-11    2.3342772E-13          0
      1695.411    1.4104728E-11    2.3530293E-13          0
      1697.087    1.5239778E-11    2.4659609E-13          0
      1698.764    1.5207354E-11    2.4525710E-13          0
      1700.440    1.4504780E-11    2.3577329E-13          0
      1702.117    1.3796398E-11    2.2713957E-13          0
      1703.793    1.3854298E-11    2.2598157E-13          0
      1705.469    1.3722244E-11    2.2394672E-13          0
      1707.146    1.2768992E-11    2.1349245E-13          0
      1708.822    1.2330397E-11    2.0754476E-13          0
      1710.499    1.2132692E-11    2.0450178E-13          0
      1712.175    1.1942457E-11    2.0198802E-13          0
      1713.851    1.1559708E-11    1.9679103E-13          0
      1715.528    1.0570085E-11    1.8691799E-13          0
      1717.204    1.0026601E-11    1.8114199E-13          0
      1718.881    9.9134997E-12    1.7957181E-13          0
      1720.557    1.0201604E-11    1.8081675E-13          0
      1722.233    1.0588745E-11    1.8294287E-13          0
      1723.910    1.2051970E-11    1.9326523E-13          0
      1725.586    1.3146764E-11    2.0302708E-13          0
      1727.263    1.3725692E-11    2.0753448E-13          0
      1728.939    1.3724388E-11    2.0618948E-13          0
      1730.615    1.3233660E-11    1.9996147E-13          0
      1732.292    1.3255680E-11    1.9813331E-13          0
      1733.968    1.3929600E-11    2.0420240E-13          0
      1735.645    1.4215241E-11    2.0675683E-13          0
      1737.321    1.3389873E-11    1.9619415E-13          0
      1738.997    1.2575798E-11    1.8702314E-13          0
      1740.674    1.1985978E-11    1.7983731E-13          0
      1742.350    1.1778129E-11    1.7714056E-13          0
      1744.027    1.1545127E-11    1.7420444E-13          0
      1745.703    1.1403545E-11    1.7126383E-13          0
      1747.379    1.1266733E-11    1.6922730E-13          0
      1749.056    1.1922752E-11    1.7372788E-13          0
      1750.732    1.2566600E-11    1.7914182E-13          0
      1752.409    1.3483182E-11    1.8734457E-13          0
      1754.085    1.4709086E-11    2.0062516E-13          0
      1755.761    1.4796369E-11    2.0055951E-13          0
      1757.438    1.5140882E-11    2.0661646E-13          0
      1759.114    1.4998941E-11    2.0640908E-13          0
      1760.791    1.4565103E-11    1.9829372E-13          0
      1762.467    1.4465203E-11    1.9594175E-13          0
      1764.143    1.4358736E-11    1.9406440E-13          0
      1765.820    1.4035125E-11    1.8831171E-13          0
      1767.496    1.3075149E-11    1.7432834E-13          0
      1769.173    1.1265129E-11    1.5438245E-13          0
      1770.849    1.0764214E-11    1.4950320E-13          0
      1772.525    1.1024877E-11    1.5090744E-13          0
      1774.202    1.1511092E-11    1.5418878E-13          0
      1775.878    1.2027187E-11    1.5806929E-13          0
      1777.555    1.2889573E-11    1.6690828E-13          0
      1779.231    1.4056674E-11    1.8238479E-13          0
      1780.907    1.4349988E-11    1.8698640E-13          0
      1782.584    1.4247258E-11    1.8326577E-13          0
      1784.260    1.4148752E-11    1.8268643E-13      -4096
      1785.937    1.3721834E-11    1.8249151E-13      -4096
      1787.613    1.2835024E-11    1.8257607E-13      -4096
      1789.289    1.2338731E-11    1.9162607E-13      -4096
      1790.966    1.2626945E-11    2.0489994E-13      -4096
      1792.642    1.3664088E-11    2.1720650E-13      -4096
      1794.319    1.4386280E-11    2.1626329E-13      -4096
      1795.995    1.5365013E-11    2.1871246E-13      -4096
      1797.671    1.5702497E-11    2.1196106E-13          0
      1799.348    1.5463715E-11    2.0902762E-13          0
      1801.024    1.5192464E-11    2.0051144E-13          0
      1802.701    1.4540514E-11    1.8884266E-13          0
      1804.377    1.3783591E-11    1.7691018E-13          0
      1806.053    1.3299205E-11    1.6882845E-13          0
      1807.730    1.3253756E-11    1.6732759E-13          0
      1809.406    1.2690913E-11    1.5950766E-13          0
      1811.083    1.2476553E-11    1.5671846E-13          0
      1812.759    1.2430276E-11    1.5356463E-13          0
      1814.435    1.2501688E-11    1.5287976E-13          0
      1816.112    1.2655290E-11    1.5419233E-13          0
      1817.788    1.2430051E-11    1.4926884E-13          0
      1819.465    1.2117625E-11    1.4258961E-13          0
      1821.141    1.2161829E-11    1.4326054E-13          0
      1822.817    1.2089183E-11    1.4144382E-13          0
      1824.494    1.2449759E-11    1.4899902E-13          0
      1826.170    1.2458420E-11    1.4901451E-13          0
      1827.847    1.2527770E-11    1.4758867E-13          0
      1829.523    1.2651735E-11    1.4901393E-13          0
      1831.199    1.2759894E-11    1.5326056E-13          0
      1832.876    1.2738070E-11    1.5098156E-13          0
      1834.552    1.2477977E-11    1.4482180E-13          0
      1836.229    1.1723294E-11    1.3315576E-13          0
      1837.905    1.1270608E-11    1.2518822E-13          0
      1839.581    1.0302703E-11    1.1256268E-13          0
      1841.258    9.4369373E-12    1.0407928E-13          0
      1842.934    8.4559929E-12    9.8340613E-14          0
      1844.611    7.9156195E-12    9.5784207E-14          0
      1846.287    7.3895343E-12    9.4240330E-14          0
      1847.963    6.3929062E-12    9.1938555E-14          0
      1849.640    5.8249807E-12    9.0957745E-14          0
      1851.316    6.3012087E-12    9.1088500E-14          0
      1852.993    7.9537063E-12    9.3149596E-14          0
      1854.669    9.1534193E-12    9.8743970E-14          0
      1856.345    9.1535442E-12    9.8076353E-14          0
      1858.022    8.5065210E-12    9.4399172E-14          0
      1859.698    8.5632916E-12    9.4433501E-14          0
      1861.375    9.7351077E-12    1.0079756E-13          0
      1863.051    1.0420323E-11    1.0560455E-13          0
      1864.727    1.0855461E-11    1.1130001E-13          0
      1866.404    1.0623073E-11    1.0867221E-13          0
      1868.080    1.0454518E-11    1.0593838E-13          0
      1869.757    1.0517792E-11    1.0625526E-13          0
      1871.433    1.0977737E-11    1.1362967E-13          0
      1873.109    1.1699805E-11    1.2079362E-13          0
      1874.786    1.1494779E-11    1.1648844E-13          0
      1876.462    1.0560566E-11    1.0436212E-13          0
      1878.139    9.6010812E-12    9.6047844E-14          0
      1879.815    8.5307204E-12    9.1151289E-14          0
      1881.491    7.5334027E-12    8.9356921E-14          0
      1883.168    6.8208143E-12    8.9010410E-14          0
      1884.844    6.4907862E-12    8.8858561E-14          0
      1886.521    6.3204125E-12    8.8409091E-14          0
      1888.197    6.0363958E-12    8.8123167E-14          0
      1889.873    5.6232501E-12    8.7707389E-14          0
      1891.550    5.4447111E-12    8.7377642E-14          0
      1893.226    5.8668717E-12    8.8568462E-14          0
      1894.903    6.8629941E-12    8.9978731E-14          0
      1896.579    7.8636438E-12    9.0716903E-14          0
      1898.255    8.4074605E-12    9.2370244E-14          0
      1899.932    8.1293314E-12    9.2245127E-14          0
      1901.608    7.7442722E-12    9.1526457E-14          0
      1903.285    7.5529999E-12    9.1013690E-14          0
      1904.961    7.5871583E-12    9.1445142E-14          0
      1906.637    7.6238790E-12    9.1350850E-14          0
      1908.314    7.3016038E-12    9.1196609E-14          0
      1909.990    6.8333676E-12    9.0728382E-14          0
      1911.667    6.7531319E-12    9.0416363E-14          0
      1913.343    6.8176068E-12    9.0513602E-14          0
      1915.019    6.9367411E-12    9.0831287E-14      -4096
      1916.696    6.7385307E-12    9.2840551E-14      -4096
      1918.372    6.3225592E-12    9.5155532E-14      -4096
      1920.049    5.9848810E-12    9.1174254E-14      -4096
      1921.725    5.7678627E-12    9.7147205E-14      -4096
      1923.401    5.3438408E-12    9.5034589E-14      -4096
      1925.078    5.3783033E-12    9.5499394E-14      -4096
      1926.754    5.7356602E-12    9.2589930E-14      -4096
      1928.431    6.1128502E-12    8.9816711E-14      -4096
      1930.107    6.5687191E-12    9.0703087E-14        -32
      1931.783    7.2853494E-12    9.2348431E-14          0
      1933.460    7.9434124E-12    9.4984391E-14          0
      1935.136    7.9450621E-12    9.5186066E-14          0
      1936.813    7.5445622E-12    9.4030544E-14          0
      1938.489    6.9520314E-12    9.1447446E-14          0
      1940.165    6.8713889E-12    9.1060494E-14          0
      1941.842    7.1872087E-12    9.2224947E-14          0
      1943.518    7.3485896E-12    9.2857708E-14          0
      1945.195    7.2756445E-12    9.2519789E-14          0
      1946.871    6.9360134E-12    9.1318724E-14          0
      1948.547    6.4624335E-12    8.9239651E-14          0
      1950.224    5.8885483E-12    8.5878143E-14          0
      1951.900    5.4307110E-12    8.3036334E-14          0
      1953.577    5.1316477E-12    8.0298378E-14          0
      1955.253    5.1219103E-12    8.0262619E-14          0
      1956.929    5.0721168E-12    7.9897887E-14          0
      1958.606    5.1462510E-12    8.0652438E-14          0
      1960.282    5.2416756E-12    8.1433416E-14          0
      1961.959    5.4462415E-12    8.2629263E-14          0
      1963.635    5.8282138E-12    8.4798867E-14          0
      1965.311    6.5659032E-12    8.9273037E-14          0
      1966.988    7.4214445E-12    9.4175400E-14          0
      1968.664    8.1067037E-12    9.8333796E-14          0
      1970.341    8.4051629E-12    9.9849199E-14          0
      1972.017    8.4248459E-12    1.0038236E-13          0
      1973.693    8.2179541E-12    1.0036386E-13          0
      1975.370    7.8174767E-12    9.8991202E-14          0
      1977.046    7.4710151E-12    9.8060665E-14          0
      1978.723    6.9092249E-12    9.4692558E-14          0
